nprot,nneut=  20  18
rms_c,rms_p,rms_n,rms_tot=   3.4775       3.3853       3.2779       3.3349    
densities with m. correction:
  i      r          rho-coul        rho-prot       rho-neut       rho-mass
    1  0.000    9.089256890338E-02  9.568534520317E-02  9.627658224696E-02  0.191961927450    
    2  0.300    9.033347157305E-02  9.470970424199E-02  9.550089124163E-02  0.190210595484    
    3  0.600    8.879590076349E-02  9.205827364727E-02  9.333597191279E-02  0.185394245560    
    4  0.900    8.663390432191E-02  8.848684782537E-02  9.022708485604E-02  0.178713932681    
    5  1.200    8.424189639917E-02  8.495777457398E-02  8.674049182217E-02  0.171698266396    
    6  1.500    8.184269707315E-02  8.218647365072E-02  8.331961060057E-02  0.165506084251    
    7  1.800    7.934311068321E-02  8.020821269219E-02  8.005041525397E-02  0.160258627946    
    8  2.100    7.634173055671E-02  7.831264237726E-02  7.657142599861E-02  0.154884068376    
    9  2.400    7.228943255511E-02  7.543061651923E-02  7.222119081368E-02  0.147651807333    
   10  2.700    6.671925707684E-02  7.064008085786E-02  6.634634177280E-02  0.136986422631    
   11  3.000    5.944545804969E-02  6.349464737745E-02  5.859580280574E-02  0.122090450183    
   12  3.300    5.066994308681E-02  5.413869576433E-02  4.909445441160E-02  0.103233150176    
   13  3.600    4.097643285914E-02  4.328032451003E-02  3.848215204388E-02  8.176247655391E-02
   14  3.900    3.121404190493E-02  3.205840211005E-02  2.781654642406E-02  5.987494853410E-02
   15  4.200    2.228706611201E-02  2.178743183277E-02  1.831630949661E-02  4.010374132938E-02
   16  4.500    1.490192850170E-02  1.356254492942E-02  1.094772100424E-02  2.451026593366E-02
   17  4.800    9.373517305823E-03  7.837500093841E-03  6.016290303842E-03  1.385379039768E-02
   18  5.100    5.600995921117E-03  4.314168349171E-03  3.120708724786E-03  7.434877073958E-03
   19  5.400    3.219869742410E-03  2.320145167331E-03  1.568615095792E-03  3.888760263122E-03
   20  5.700    1.804091466115E-03  1.240741816047E-03  7.784201944646E-04  2.019162010512E-03
   21  6.000    9.965257221276E-04  6.663690296520E-04  3.855556024294E-04  1.051924632081E-03
   22  6.300    5.475773370469E-04  3.612024076731E-04  1.917128730137E-04  5.529152806869E-04
   23  6.600    3.012645987222E-04  1.979868473841E-04  9.595524272102E-05  2.939420901051E-04
   24  6.900    1.666651600594E-04  1.097988249423E-04  4.839841928393E-05  1.581972442262E-04
   25  7.200    9.294303999120E-05  6.158871913175E-05  2.460472849679E-05  8.619344762855E-05
   26  7.500    5.231085349769E-05  3.492312746658E-05  1.260585679432E-05  4.752898426090E-05
   27  7.800    2.972547507984E-05  2.000328325786E-05  6.506170565290E-06  2.650945382315E-05
   28  8.100    1.705153043107E-05  1.156571694038E-05  3.381271382624E-06  1.494698832301E-05
   29  8.400    9.869816869532E-06  6.745297169991E-06  1.768909366146E-06  8.514206536138E-06
   30  8.700    5.761349329749E-06  3.965711442438E-06  9.308769075141E-07  4.896588349952E-06
   31  9.000    3.389629989495E-06  2.348923610486E-06  4.929125831098E-07  2.841836193595E-06
   32  9.300    2.008827812672E-06  1.400868109665E-06  2.622203631445E-07  1.663088472809E-06
   33  9.600    1.198572985188E-06  8.408959286886E-07  1.404315284398E-07  9.813274571284E-07
   34  9.900    7.196222779048E-07  5.077072479278E-07  7.539264921744E-08  5.830998971453E-07
   35 10.200    4.345880435987E-07  3.083371782168E-07  4.085578378879E-08  3.491929620056E-07
   36 10.500    2.638820505596E-07  1.881506888138E-07  2.207923673029E-08  2.102299255441E-07
   37 10.800    1.610495200464E-07  1.154615295166E-07  1.214415977414E-08  1.276056892908E-07
   38 11.100    9.875949487151E-08  7.109855224423E-08  6.570065114641E-09  7.766861735887E-08
   39 11.400    6.083701994881E-08  4.405123455897E-08  3.701592143411E-09  4.775282670238E-08
   40 11.700    3.763463268864E-08  2.732984068849E-08  1.976640560997E-09  2.930648124949E-08
   41 12.000    2.337678044504E-08  1.709267112244E-08  1.168408957454E-09  1.826108007990E-08
   42 12.300    1.457480145361E-08  1.066302806265E-08  5.932498379653E-10  1.125627790061E-08
   43 12.600    9.121307334241E-09  6.737042119546E-09  3.904941140973E-10  7.127536233644E-09
   44 12.900    5.727026761937E-09  4.213151284286E-09  1.706448842671E-10  4.383796168553E-09
   45 13.200    3.608752931859E-09  2.696144247973E-09  1.441660575604E-10  2.840310305533E-09
   46 13.500    2.280201761488E-09  1.681171764273E-09  4.064318960352E-11  1.721814953876E-09
   47 13.800    1.445949480320E-09  1.096345412407E-09  6.242085275521E-11  1.158766265162E-09
   48 14.100    9.187751308357E-10  6.747121910724E-10  1.253550250009E-12  6.759657413224E-10
   49 14.400    5.861244357980E-10  4.542029211417E-10  3.307194031865E-11  4.872748614604E-10
   50 14.700    3.742377316636E-10  2.704407830359E-10 -9.685387637112E-12  2.607553953988E-10
   51 15.000    2.401454735868E-10  1.928595931957E-10  2.107315302075E-11  2.139327462165E-10
   52 15.300    1.539190051154E-10  1.068075750299E-10 -1.165664892168E-11  9.515092610826E-11
   53 15.600    9.937171353766E-11  8.485634969001E-11  1.517734984114E-11  1.000336995311E-10
   54 15.900    6.383686014364E-11  4.037648073525E-11 -1.087502961731E-11  2.950145111794E-11
   55 16.200    4.149899754215E-11  3.935339153594E-11  1.164107726607E-11  5.099446880200E-11
   56 16.500    2.665094201596E-11  1.356629215339E-11 -9.348099171190E-12  4.218192982196E-12
   57 16.800    1.747649175443E-11  1.963972308614E-11  9.150605854815E-12  2.879032894096E-11
   58 17.100    1.116870268641E-11  3.015444339597E-12 -7.721486572884E-12 -4.706042233287E-12
   59 17.400    7.413020646171E-12  1.071150932786E-11  7.206726873854E-12  1.791823620171E-11
   60 17.700    4.675452565824E-12 -8.422662061718E-13 -6.191358836402E-12 -7.033625042574E-12
   61 18.000    3.159262384738E-12  6.368353995695E-12  5.596534783075E-12  1.196488877877E-11
   62 18.300    1.937406093977E-12 -1.953648387358E-12 -4.803856121646E-12 -6.757504509004E-12
   63 18.600    1.344661944378E-12  4.018001593513E-12  4.214650452983E-12  8.232652046496E-12
   64 18.900    7.806796660924E-13 -1.955007754771E-12 -3.555642051091E-12 -5.510649805862E-12
   65 19.200    5.629287206268E-13  2.562114465579E-12  2.999892644279E-12  5.562007109857E-12
   66 19.500    2.950029927107E-13 -1.524734464058E-12 -2.428331785473E-12 -3.953066249531E-12
   67 19.800    2.226821580262E-13  1.527306007216E-12  1.911449502745E-12  3.438755509961E-12
   68 20.100    9.645238188305E-14 -9.410637255638E-13 -1.400296656001E-12 -2.341360381565E-12
   69 20.400    7.290482052502E-14  7.046222847147E-13  9.191324660011E-13  1.623754750716E-12
   70 20.700    1.999238164395E-14 -3.134021574831E-13 -4.505275081016E-13 -7.639296655847E-13
   71 21.000    1.869855997662E-24 -8.066856602845E-16 -1.029183499880E-15 -1.835869160164E-15

