 r rp rn tp tn ssp ssn sp sn 
   0.0000000000000000        9.4237715497507354E-002   9.5118656670382704E-002   6.4884931866171613E-002   6.9022838447525048E-002   4.7413090036342294E-004   9.2536780744814022E-004   0.0000000000000000        0.0000000000000000     
  0.29999999999999999        9.3367112690814713E-002   9.4397796670423972E-002   6.7519403133669387E-002   7.1245894455068404E-002   3.6618283500391616E-004   1.7545501006565180E-003   4.1122368727036470E-005   1.4067785546850655E-004
  0.59999999999999998        9.1037407373496151E-002   9.2422394257737683E-002   7.4595411585483259E-002   7.7176056978489727E-002   5.2481939901614778E-005   4.0740070286970059E-003   4.4500409598237175E-005   5.7020215927916528E-004
  0.89999999999999991        8.7895344437962056E-002   8.9566675523502712E-002   8.3460844469295234E-002   8.4383138766223970E-002  -3.4106957542077889E-004   7.2084465050682896E-003  -1.6440448506361751E-005   1.4808275876455092E-003
   1.2000000000000000        8.4742555757082130E-002   8.6309349239207245E-002   9.0284177591780049E-002   8.9432468556799039E-002  -4.6982202655326680E-004   1.0250359231756850E-002  -1.1543260633415301E-004   2.8971984654567839E-003
   1.5000000000000000        8.2133889419723563E-002   8.3005915867982602E-002   9.1560430990620223E-002   8.9257793934239368E-002   2.2481390588621644E-005   1.2282016269592438E-002  -1.4201487526817547E-004   4.6528615878076865E-003
   1.7999999999999998        8.0051241918924043E-002   7.9697395918946520E-002   8.5980040575425173E-002   8.2795071398263212E-002   1.0677095819984195E-003   1.2659139053252014E-002   3.8668653090569671E-005   6.4283717189926289E-003
   2.1000000000000001        7.7875604502393586E-002   7.6052024554140091E-002   7.5022420181896893E-002   7.1495716468060660E-002   2.0723904551542432E-003   1.1229388044531254E-002   4.5376521948513977E-004   7.8486906668763911E-003
   2.3999999999999999        7.4689884760523365E-002   7.1496278444027853E-002   6.1680926753335336E-002   5.8195893455040865E-002   2.3829897471546817E-003   8.3613662837153310E-003   9.6172826886033733E-004   8.6044173822696947E-003
   2.6999999999999997        6.9693399550263740E-002   6.5473957604379046E-002   4.8732983771801346E-002   4.5529934761971674E-002   1.7998095437985837E-003   4.7746525029602358E-003   1.3376228791408850E-003   8.5452265058593331E-003
   3.0000000000000000        6.2503993300611321E-002   5.7703932051465311E-002   3.7880766063049701E-002   3.5097485609598189E-002   6.4739834752576737E-004   1.2828641085247065E-003   1.4159516471606911E-003   7.7129919562900625E-003
   3.2999999999999998        5.3283172616334806E-002   4.8342152043757754E-002   2.9729086246896921E-002   2.7419246893132264E-002  -5.1206161978946602E-004  -1.4320950457870733E-003   1.1752322325887631E-003   6.3158089306740370E-003
   3.5999999999999996        4.2716812244893376E-002   3.8015729508371780E-002   2.4038130495572435E-002   2.2175255745699590E-002  -1.2116617220321701E-003  -2.9725070343647043E-003   7.3025299853625794E-004   4.6619466851945271E-003
   3.8999999999999999        3.1878346372765591E-002   2.7717618902757091E-002   1.9974754761823726E-002   1.8461336109835438E-002  -1.2858742327654677E-003  -3.3065070602738156E-003   2.5959857430843457E-004   3.0723532597627711E-003
   4.2000000000000002        2.1970111144265288E-002   1.8550535904000687E-002   1.6447935127269463E-002   1.5158142066635303E-002  -8.9870625975150198E-004  -2.7557866341557215E-003  -8.6629422693610636E-005   1.7902652831019196E-003
   4.5000000000000000        1.3960324920250684E-002   1.1357884753515721E-002   1.2692630779340738E-002   1.1551432030274355E-002  -3.8851734410668196E-004  -1.8401696465025173E-003  -2.5142099287893193E-004   9.1781991817325341E-004
   4.7999999999999998        8.2519396885601358E-003   6.4115827784604097E-003   8.7965466407288542E-003   7.8197600119233844E-003  -2.3383935007597608E-005  -1.0133340054208578E-003  -2.7106858561774284E-004   4.1553803504227054E-004
   5.0999999999999996        4.6248725414069188E-003   3.4002475919331331E-003   5.4383282966434087E-003   4.6745732646401470E-003   1.3214333026146378E-004  -4.7392266818903388E-004  -2.1952587890685947E-004   1.6765787177184396E-004
   5.3999999999999995        2.5137694668259875E-003   1.7334685584211428E-003   3.0757105278332742E-003   2.5333029652227115E-003   1.5130260864359112E-004  -1.9469209001596384E-004  -1.5388922331629370E-004   6.0278383969136835E-005
   5.7000000000000002        1.3501997720825646E-003   8.6642810581926181E-004   1.6494363230939895E-003   1.2911423091964698E-003   1.1928512681982209E-004  -7.1883605899019477E-005  -9.9620971277115673E-005   1.8557781099544218E-005
   6.0000000000000000        7.2553633762363688E-004   4.3028819050169300E-004   8.6381702874490512E-004   6.3781705876324085E-004   8.1341229192809960E-005  -2.3594229999963023E-005  -6.1704346785111929E-005   4.0000123468580134E-006
   6.2999999999999998        3.9267571234584989E-004   2.1397352496114186E-004   4.5007878867293254E-004   3.1135106613279186E-004   5.1770465558110699E-005  -6.2510042526789144E-006  -3.7310339558805512E-005  -3.4671226522911465E-007
   6.5999999999999996        2.1472188106874684E-004   1.0697085774763788E-004   2.3570340786256271E-004   1.5183956948883090E-004   3.1812554354851783E-005  -6.8018203486426394E-007  -2.2277810806062353E-005  -1.2183201329533494E-006
   6.8999999999999995        1.1875601850607471E-004   5.3858529303287159E-005   1.2468862677487570E-004   7.4400037051102521E-005   1.9194300221504849E-005   7.4542346846571470E-007  -1.3222747521123729E-005  -1.0815060181358755E-006
   7.1999999999999993        6.6433655978749163E-005   2.7327014468906705E-005   6.6769627818328314E-005   3.6727186595656125E-005   1.1473909450671322E-005   8.6320283160740632E-007  -7.8318724950102391E-006  -7.5875885956110500E-007
   7.5000000000000000        3.7573017356737393E-005   1.3972768089283717E-005   3.6212582867284926E-005   1.8284879268168877E-005   6.8300313056449116E-006   6.5813738852429708E-007  -4.6399634550655796E-006  -4.8227458349212396E-007
   7.7999999999999998        2.1470050129383195E-005   7.1978966866199402E-006   1.9886987227110173E-005   9.1828585924457396E-006   4.0607538808246981E-006   4.3609116582994647E-007  -2.7534847950241396E-006  -2.9075770915110389E-007
   8.0999999999999996        1.2386461612874925E-005   3.7341478667102030E-006   1.1052245769883423E-005   4.6510409242631560E-006   2.4157665332915876E-006   2.6970509573236331E-007  -1.6381235384195622E-006  -1.6977501369577453E-007
   8.4000000000000004        7.2096075005845909E-006   1.9501034306763902E-006   6.2113187158146513E-006   2.3748066525212405E-006   1.4396610069114885E-006   1.6027556391444010E-007  -9.7754540514098230E-007  -9.7082229702212368E-008
   8.6999999999999993        4.2309453682958532E-006   1.0247752997001767E-006   3.5272255213322114E-006   1.2217985121079001E-006   8.6006781709386604E-007   9.2859870354214108E-008  -5.8531766777853324E-007  -5.4720215822632392E-008
   9.0000000000000000        2.5018390325188217E-006   5.4168404133555757E-007   2.0224213271812463E-006   6.3306447440347907E-007   5.1530858363777438E-007   5.2885494340089134E-008  -3.5171351632667934E-007  -3.0524696002704331E-008
   9.2999999999999989        1.4898294834491803E-006   2.8792072559201217E-007   1.1700147843888937E-006   3.3019312547952036E-007   3.0973095798579392E-007   2.9755337623397256E-008  -2.1211339794942655E-007  -1.6895973228093994E-008
   9.5999999999999996        8.9300009916446924E-007   1.5384953996195646E-007   6.8250907538477310E-007   1.7328967072563503E-007   1.8679063748454525E-007   1.6592193778503749E-008  -1.2839296066545922E-007  -9.2958253723894572E-009
   9.9000000000000004        5.3852792173303943E-007   8.2628071566512625E-008   4.0120244108726555E-007   9.1473668022956250E-008   1.1303577204178737E-007   9.1890489508160702E-009  -7.8001495456541051E-008  -5.0892196912549802E-009
   10.199999999999999        3.2661054109140030E-007   4.4596881309615831E-008   2.3753151296020832E-007   4.8550656860403990E-008   6.8640582411781393E-008   5.0614626576538046E-009  -4.7559311827052299E-008  -2.7744343398977826E-009
   10.500000000000000        1.9913988170129689E-007   2.4187468350971278E-008   1.4156897256361108E-007   2.5902966221827867E-008   4.1826174278504396E-008   2.7753686841374615E-009  -2.9101346924635434E-008  -1.5066718756475204E-009
   10.799999999999999        1.2202493227582720E-007   1.3181845096274748E-008   8.4900645918903372E-008   1.3888711831624488E-008   2.5574319614267089E-008   1.5158320312473936E-009  -1.7869148029370017E-008  -8.1513265501131521E-010
   11.100000000000000        7.5122667129482115E-008   7.2190678325312211E-009   5.1212402611118004E-008   7.4826965575842933E-009   1.5690166711989396E-008   8.2488435693261270E-010  -1.1009621797448556E-008  -4.3927990407354236E-010
   11.400000000000000        4.6452312620606116E-008   3.9733278799745080E-009   3.1060048127017014E-008   4.0502955226429722E-009   9.6581026794515870E-009   4.4726989643406007E-010  -6.8058267738321116E-009  -2.3571564980411706E-010
   11.699999999999999        2.8843638002163505E-008   2.1982493790681484E-009   1.8934251928302807E-008   2.2025205927651410E-009   5.9643942741330147E-009   2.4160606463078070E-010  -4.2207533445417033E-009  -1.2585783510315138E-010
   12.000000000000000        1.7980463997027482E-008   1.2228215321451855E-009   1.1597985535609417E-008   1.2032464306118336E-009   3.6950307255782981E-009   1.2996773693822946E-010  -2.6257869619296031E-009  -6.6800772392350348E-011
   12.299999999999999        1.1250452685336801E-008   6.8416657607879734E-010   7.1365183171331364E-009   6.6040857331259493E-010   2.2962131695469190E-009   6.9577530373415491E-011  -1.6385093626714669E-009  -3.5193692898311995E-011
   12.600000000000000        7.0643909428987985E-009   3.8517484361377040E-010   4.4101271056831612E-009   3.6420297884766842E-010   1.4312419226768040E-009   3.7032849340274546E-011  -1.0254577081098518E-009  -1.8366828578437943E-011
   12.900000000000000        4.4508081620266284E-009   2.1830864482381149E-010   2.7363875544733811E-009   2.0184813795203847E-010   8.9471420080675587E-010   1.9569884938194136E-011  -6.4361415616028729E-010  -9.4665800229645879E-012
   13.199999999999999        2.8131433117423589E-009   1.2463880707196100E-010   1.7044145356608664E-009   1.1245133523990165E-010   5.6090541298743703E-010   1.0247507026362161E-011  -4.0507206468228967E-010  -4.7974576308096407E-012
   13.500000000000000        1.7834786742361555E-009   7.1727409343569368E-011   1.0655185383573024E-009   6.2994579060718618E-011   3.5260838601815028E-010   5.3021085678778686E-012  -2.5562184391917101E-010  -2.3739836657414014E-012
   13.799999999999999        1.1339800310706037E-009   4.1635750983167076E-011   6.6843479481402270E-010   3.5498788870993673E-011   2.2225796117372783E-010   2.6993709800795451E-012  -1.6172709585330693E-010  -1.1338780869069272E-012
   14.100000000000000        7.2301276216236020E-010   2.4395227060283332E-011   4.2072667104708452E-010   2.0132702353773207E-011   1.4045852487654794E-010   1.3435417069820303E-012  -1.0257624528399051E-010  -5.1165913783194951E-013
   14.399999999999999        4.6220397719060343E-010   1.4437790279681113E-011   2.6565684872015505E-010   1.1497605144664937E-011   8.8987679941435612E-011   6.4681518754644007E-013  -6.5215290184512604E-011  -2.0818550290226185E-013
   14.699999999999999        2.9621978327745615E-010   8.6363009679441381E-012   1.6825394603283370E-010   6.6160298007413407E-012   5.6515574608659379E-011   2.9541394944451066E-013  -4.1557447418341311E-011  -6.6465890072722778E-014
   15.000000000000000        1.9029735667935098E-010   5.2241112451061127E-012   1.0687658857074333E-010   3.8385261992784340E-012   3.5977331450992549E-011   1.2285379194141520E-013  -2.6540005809537722E-011  -4.9595314514276143E-015
   15.299999999999999        1.2252758235973227E-010   3.1967784623657620E-012   6.8081635838440485E-011   2.2470748565118505E-012   2.2955084286785990E-011   4.1477545258748305E-014  -1.6984706998634324E-011   1.8103694106213830E-014
   15.600000000000000        7.9060147890746403E-011   1.9792381964451713E-012   4.3488342452609323E-011   1.3282271815759428E-012   1.4678615087637805E-011   5.5888957424902135E-015  -1.0890962839007945E-011   2.3716944443451197E-014
   15.899999999999999        5.1113680270751714E-011   1.2397537540163116E-012   2.7853966491045820E-011   7.9330473567128902E-013   9.4062170870512406E-012  -8.3213749396489787E-015  -6.9962103800075995E-012   2.2146139616561563E-014
   16.199999999999999        3.3105015972419706E-011   7.8537523417974651E-013   1.7888012007074836E-011   4.7908765002377133E-013   6.0399911342380499E-012  -1.2131294128210161E-014  -4.5016454094082898E-012   1.8206290009213130E-014
   16.500000000000000        2.1474862582052440E-011   5.0287116590120242E-013   1.1518768244453070E-011   2.9272825674465770E-013   3.8861228145392930E-012  -1.1689736470039595E-014  -2.9006443416400698E-012   1.4003848996130080E-014
   16.800000000000001        1.3948302248335427E-011   3.2515198791676707E-013   7.4379457402606323E-012   1.8106055774875891E-013   2.5050853030813317E-012  -9.7673135185806561E-015  -1.8711339083950303E-012   1.0342962790095072E-014
   17.099999999999998        9.0677212686508197E-012   2.1205877140977899E-013   4.8169702852810052E-012   1.1342172842967143E-013   1.6177803580595981E-012  -7.5957910131772203E-015  -1.2078962169586396E-012   7.4333436267982111E-015
   17.399999999999999        5.8969556357882017E-012   1.3929266076598824E-013   3.1296295302937629E-012   7.1989016289592156E-014   1.0465732849376604E-012  -5.6609255541224493E-015  -7.7988203521893967E-013   5.2372740600606998E-015
   17.699999999999999        3.8333710849927341E-012   9.1985797618594304E-014   2.0408464244031990E-012   4.6315178649871883E-014   6.7815414659414539E-013  -4.1036992065757766E-015  -5.0322652607058717E-013   3.6330156987870680E-015
   18.000000000000000        2.4881838451716492E-012   6.0936209437110489E-014   1.3367084385829092E-012   3.0220451597844179E-014   4.4008766600862976E-013  -2.9183887345411471E-015  -3.2415001474298964E-013   2.4868192477684050E-015
   18.300000000000001        1.6100471657873028E-012   4.0382747330243963E-014   8.8031984024963644E-013   2.0013795754612244E-014   2.8597043325182604E-013  -2.0467729711212066E-015  -2.0809729657969245E-013   1.6808591665544999E-015
   18.599999999999998        1.0361432604542096E-012   2.6677350795079023E-014   5.8386790888634943E-013   1.3468000665279147E-014   1.8601389346137688E-013  -1.4203179558122593E-015  -1.3282380282004415E-013   1.1209489456556422E-015
   18.899999999999999        6.6080699821990103E-013   1.7484619644253184E-014   3.9090033987731620E-013   9.2248091841893195E-015   1.2105591055878030E-013  -9.7706521949916266E-016  -8.3984736588885617E-014   7.3575761722143821E-016
   19.199999999999999        4.1535259929186193E-013   1.1294111931031670E-014   2.6505214938797449E-013   6.4468906181142304E-015   7.8743956913783790E-014  -6.6676829534355858E-016  -5.2315216885250514E-014   4.7306721492700100E-016
   19.500000000000000        2.5507712858698024E-013   7.1199425762652167E-015   1.8285767808082764E-013   4.6124935213809455E-015   5.1096883935828574E-014  -4.5097897488001748E-016  -3.1824072480146800E-014   2.9552872700671238E-016
   19.800000000000001        1.5087323449040941E-013   4.3137463319631681E-015   1.2915702839123735E-013   3.3931821440980563E-015   3.2943685026596069E-014  -3.0128207710537017E-016  -1.8634941171724122E-014   1.7688389277227087E-016
   20.099999999999998        8.3810258041878432E-014   2.4470290377509619E-015   9.4151032015000574E-014   2.5802381196174532E-015   2.0921209245962691E-014  -1.9711974480800618E-016  -1.0241739811557688E-014   9.8933648754138089E-017
   20.399999999999999        4.1633528337812868E-014   1.2365175654806335E-015   7.1566074986883488E-014   2.0416029109524223E-015   1.2828253575408977E-014  -1.2378522986096946E-016  -5.0301638765467288E-015   4.9243482039291976E-017
   20.699999999999999        1.6511357514133168E-014   4.9659751363068023E-016   5.7687478099692686E-014   1.6970398544058097E-015   7.4844988064117552E-015  -7.3148928254609389E-017  -1.9708903217662192E-015   1.9475441408409343E-017
   21.000000000000000        3.6084238569496852E-015   1.0937625761190747E-016   4.5876539611394693E-014   1.3998782384820075E-015   1.9879428893218766E-015  -2.1045812803313311E-017  -4.2521008129293853E-016   4.2251139903866784E-018
