nprot,nneut=  20  20
rms_c,rms_p,rms_n,rms_tot=   3.4933       3.3996       3.3518       3.3758    
densities with m. correction:
  i      r          rho-coul        rho-prot       rho-neut       rho-mass
    1  0.000    8.729049892745E-02  9.133407761142E-02  9.730285116114E-02  0.188636928773    
    2  0.300    8.678275364007E-02  9.055067479719E-02  9.624609278920E-02  0.186796767586    
    3  0.600    8.537711344094E-02  8.839428588339E-02  9.337729219811E-02  0.181771578081    
    4  0.900    8.337895706944E-02  8.540840726096E-02  8.951648917629E-02  0.174924896437    
    5  1.200    8.114829813755E-02  8.232194079220E-02  8.570497510970E-02  0.168026915902    
    6  1.500    7.892080470446E-02  7.973974740408E-02  8.272706522410E-02  0.162466812628    
    7  1.800    7.666093292887E-02  7.779382885094E-02  8.065649122048E-02  0.158450320071    
    8  2.100    7.403198068958E-02  7.600083917641E-02  7.877705295612E-02  0.154777892133    
    9  2.400    7.051158961927E-02  7.347176536006E-02  7.597776781462E-02  0.149449533175    
   10  2.700    6.559790770532E-02  6.930945406646E-02  7.128514124800E-02  0.140594595314    
   11  3.000    5.901533112543E-02  6.294843698061E-02  6.421092436170E-02  0.127159361342    
   12  3.300    5.085062486537E-02  5.434489299948E-02  5.486744131849E-02  0.109212334318    
   13  3.600    4.158597950029E-02  4.403101770794E-02  4.393545073090E-02  8.796646843884E-02
   14  3.900    3.201711871019E-02  3.304212420100E-02  3.253901366405E-02  6.558113786506E-02
   15  4.200    2.306187944168E-02  2.269393404687E-02  2.201177257360E-02  4.470570662047E-02
   16  4.500    1.550096841469E-02  1.419031650831E-02  1.351642908549E-02  2.770674559381E-02
   17  4.800    9.749997073247E-03  8.155481777331E-03  7.599251944154E-03  1.575473372149E-02
   18  5.100    5.788027006594E-03  4.416600658713E-03  4.008269890371E-03  8.424870549084E-03
   19  5.400    3.282999813280E-03  2.317200601551E-03  2.038882855362E-03  4.356083456913E-03
   20  5.700    1.803014348656E-03  1.202258277185E-03  1.020990125139E-03  2.223248402325E-03
   21  6.000    9.705361518038E-04  6.243565681479E-04  5.095339009443E-04  1.133890469092E-03
   22  6.300    5.171981597884E-04  3.265675612537E-04  2.550810844663E-04  5.816486457200E-04
   23  6.600    2.749231355045E-04  1.724922451692E-04  1.284728427379E-04  3.009650879070E-04
   24  6.900    1.465407562858E-04  9.209808745977E-05  6.518369967602E-05  1.572817871358E-04
   25  7.200    7.858844401626E-05  4.969869131001E-05  3.331858749838E-05  8.301727880839E-05
   26  7.500    4.248601004460E-05  2.709803987053E-05  1.715833610063E-05  4.425637597116E-05
   27  7.800    2.317428326642E-05  1.491574023982E-05  8.895346351892E-06  2.381108659172E-05
   28  8.100    1.275653072891E-05  8.285688254939E-06  4.642769621195E-06  1.292845787613E-05
   29  8.400    7.084888671389E-06  4.639643882432E-06  2.436452343954E-06  7.076096226385E-06
   30  8.700    3.968441373821E-06  2.619054892290E-06  1.286509714054E-06  3.905564606344E-06
   31  9.000    2.240538309938E-06  1.488107995380E-06  6.820165245143E-07  2.170124519895E-06
   32  9.300    1.274336765233E-06  8.517750616102E-07  3.638024561592E-07  1.215577517769E-06
   33  9.600    7.297298063585E-07  4.899642736026E-07  1.944306944795E-07  6.843949680821E-07
   34  9.900    4.204994572972E-07  2.839014798634E-07  1.046960630016E-07  3.885975428650E-07
   35 10.200    2.437069531720E-07  1.649895846683E-07  5.627532160317E-08  2.212649062715E-07
   36 10.500    1.420036743551E-07  9.667681064598E-08  3.060544465718E-08  1.272822553032E-07
   37 10.800    8.314937782089E-08  5.664061317456E-08  1.648497049163E-08  7.312558366619E-08
   38 11.100    4.891437293328E-08  3.355626423868E-08  9.083143907116E-09  4.263940814580E-08
   39 11.400    2.889571769896E-08  1.976584293817E-08  4.867247215296E-09  2.463309015347E-08
   40 11.700    1.714025904738E-08  1.185420517138E-08  2.742049766658E-09  1.459625493804E-08
   41 12.000    1.020353007299E-08  6.990355776515E-09  1.437773323127E-09  8.428129099642E-09
   42 12.300    6.097058173693E-09  4.260562334394E-09  8.480768109553E-10  5.108639145350E-09
   43 12.600    3.654019213331E-09  2.495683340584E-09  4.178020038826E-10  2.913485344466E-09
   44 12.900    2.197909413287E-09  1.560347072670E-09  2.737469299244E-10  1.834094002595E-09
   45 13.200    1.324963773444E-09  8.938808918018E-10  1.140048866831E-10  1.007885778485E-09
   46 13.500    8.018622101822E-10  5.851495363022E-10  9.592504895464E-11  6.810745852568E-10
   47 13.800    4.858026728001E-10  3.173774463651E-10  2.457931857822E-11  3.419567649434E-10
   48 14.100    2.957562189692E-10  2.271660914268E-10  3.887932090647E-11  2.660454123333E-10
   49 14.400    1.798866542038E-10  1.087785772414E-10 -5.479945147710E-13  1.082305827267E-10
   50 14.700    1.102012648351E-10  9.317079398067E-11  1.929548256820E-11  1.124662765489E-10
   51 15.000    6.718392504266E-11  3.351970521603E-11 -6.551113162918E-12  2.696859205311E-11
   52 15.300    4.146620846008E-11  4.163490815959E-11  1.167944069956E-11  5.331434885915E-11
   53 15.600    2.526834596692E-11  6.916292019435E-12 -7.055683821986E-12 -1.393918025510E-13
   54 15.900    1.575923655221E-11  2.094643863822E-11  8.099501501432E-12  2.904594013965E-11
   55 16.200    9.548130144762E-12 -1.905430717277E-12 -6.142614852959E-12 -8.048045570236E-12
   56 16.500    6.055934829991E-12  1.203548966084E-11  6.021713920808E-12  1.805720358164E-11
   57 16.800    3.610258181796E-12 -4.282278890558E-12 -4.999540252504E-12 -9.281819143062E-12
   58 17.100    2.359054551928E-12  7.754918056129E-12  4.596753900892E-12  1.235167195702E-11
   59 17.400    1.355610266468E-12 -4.390033096727E-12 -3.942377750750E-12 -8.332410847477E-12
   60 17.700    9.358265286355E-13  5.378872209677E-12  3.513763064386E-12  8.892635274063E-12
   61 18.000    4.979128989649E-13 -3.760106237818E-12 -3.030680147903E-12 -6.790786385721E-12
   62 18.300    3.804468528231E-13  3.841976674043E-12  2.641356050289E-12  6.483332724332E-12
   63 18.600    1.733468282194E-13 -2.943080318826E-12 -2.253852056695E-12 -5.196932375521E-12
   64 18.900    1.591644854498E-13  2.711712251737E-12  1.912580537227E-12  4.624292788964E-12
   65 19.200    5.322958055899E-14 -2.125894513188E-12 -1.586203483363E-12 -3.712097996550E-12
   66 19.500    6.773722526720E-14  1.801354527779E-12  1.286569927348E-12  3.087924455127E-12
   67 19.800    1.175844571802E-14 -1.361921004578E-12 -1.002152764979E-12 -2.364073769557E-12
   68 20.100    2.738836177552E-14  1.022230524980E-12  7.347765391064E-13  1.757007064086E-12
   69 20.400    5.107743177249E-16 -6.566821587759E-13 -4.795526607105E-13 -1.136234819486E-12
   70 20.700    7.182412063601E-15  3.263609900159E-13  2.353863381774E-13  5.617473281933E-13
   71 21.000   -9.020263530048E-25  5.220122708837E-16  3.274232766510E-16  8.494355475347E-16

