 r rp rn tp tn ssp ssn sp sn 
   0.0000000000000000        9.0207138917850899E-002   9.5784088930164157E-002   5.9484763091617675E-002   6.3984225910516251E-002  -3.3016775347907365E-004   2.8499547754463755E-005   0.0000000000000000        0.0000000000000000     
  0.29999999999999999        8.9490722364115066E-002   9.4839377553027113E-002   6.2013255449467931E-002   6.6770016971091306E-002  -5.1229480083299968E-004  -2.0942598523944578E-004  -4.3579459313654660E-005  -1.0982039674453907E-005
  0.59999999999999998        8.7558651896296039E-002   9.2308889478535022E-002   6.8906157715885347E-002   7.4297875752186687E-002  -1.0305234046345518E-003  -8.8906868424574006E-004  -1.5053502242179216E-004  -1.0495604604830925E-004
  0.89999999999999991        8.4884743885404498E-002   8.8898892032467175E-002   7.7776312274598094E-002   8.3844731506678885E-002  -1.6811515846804153E-003  -1.7620912387702860E-003  -3.6234646058959559E-004  -3.3830173403690927E-004
   1.2000000000000000        8.2092442750069286E-002   8.5485944935294017E-002   8.5028517996641309E-002   9.1389591948510138E-002  -1.9987145477619516E-003  -2.2630135129293842E-003  -6.4667202258464806E-004  -6.7738284419469031E-004
   1.5000000000000000        7.9664557951424103E-002   8.2690669118770294E-002   8.7167662002495400E-002   9.3152665552648908E-002  -1.4933377271588142E-003  -1.8002484710939329E-003  -8.5930144048377189E-004  -9.5328183756774752E-004
   1.7999999999999998        7.7667283161757319E-002   8.0529251847885674E-002   8.2662971538249336E-002   8.7655006675917371E-002  -1.6284646359717087E-004  -3.6523927072764175E-004  -8.1083462514006512E-004  -9.4224529291737479E-004
   2.1000000000000001        7.5656872572564496E-002   7.8374985701477898E-002   7.2722725610254529E-002   7.6444899011367320E-002   1.3448041473192770E-003   1.2901647655555004E-003  -4.2427837758330609E-004  -5.5205964820541527E-004
   2.3999999999999999        7.2853602495221104E-002   7.5271089165173541E-002   6.0169305994611809E-002   6.2716669408751230E-002   2.2218204611032903E-003   2.2490677889557206E-003   1.7642124900863376E-004   7.8274873653979500E-005
   2.6999999999999997        6.8470942682262503E-002   7.0367668177732906E-002   4.7732761789870737E-002   4.9408242841128616E-002   2.1001663044334104E-003   2.1224198091163949E-003   7.4278189921366108E-004   6.7351040229900682E-004
   3.0000000000000000        6.2020097370291391E-002   6.3240099867491822E-002   3.7162456452170214E-002   3.8291124255375023E-002   1.1954344400563672E-003   1.1787277335203279E-003   1.0563576762897306E-003   1.0004956918393481E-003
   3.2999999999999998        5.3495003966224385E-002   5.4016974067716383E-002   2.9170805146893061E-002   2.9989043210919494E-002   5.0895574465139974E-005   1.7652845863039171E-005   1.0353660759416226E-003   9.8102332392253151E-004
   3.5999999999999996        4.3425017927276884E-002   4.3360196330204985E-002   2.3644194840924254E-002   2.4272392316555265E-002  -8.0305496244485763E-004  -8.1453846547788157E-004   7.4878910172475755E-004   6.9614806638343266E-004
   3.8999999999999999        3.2794632788068406E-002   3.2336742593674750E-002   1.9840195633167409E-002   2.0308006880501134E-002  -1.0907656313063343E-003  -1.0630688132354377E-003   3.5798976394654943E-004   3.1559367846662882E-004
   4.2000000000000002        2.2815197003948632E-002   2.2176288966124308E-002   1.6656871841522640E-002   1.6949716310106555E-002  -8.7286142967346830E-004  -8.1836662321123203E-004   2.5923248580146280E-005   1.6931366793650779E-006
   4.5000000000000000        1.4557875176482138E-002   1.3913223601356191E-002   1.3184078399090075E-002   1.3295551249295674E-002  -4.4115608484589827E-004  -3.8637029152132398E-004  -1.5990029691883621E-004  -1.6493390273942794E-004
   4.7999999999999998        8.5709624714607972E-003   8.0266017298023361E-003   9.3498926711321675E-003   9.3179061362388127E-003  -8.3959284318271685E-005  -4.7866158753650395E-005  -2.0759038366502074E-004  -1.9905021968281869E-004
   5.0999999999999996        4.7391812029619843E-003   4.3307294971114156E-003   5.8526454580111508E-003   5.7477374333963736E-003   8.8881900719216543E-005   1.0359717017581389E-004  -1.7779786363969174E-004  -1.6331436733716008E-004
   5.3999999999999995        2.5196580702040684E-003   2.2364173857449404E-003   3.3047769777198159E-003   3.1882256896695114E-003   1.2374968993193158E-004   1.2431742570532698E-004  -1.2638943713845103E-004  -1.1160773811357863E-004
   5.7000000000000002        1.3155218507590321E-003   1.1288156544895459E-003   1.7481714630752769E-003   1.6507350189281620E-003   1.0119960665798342E-004   9.5571068103720021E-005  -8.1276315963258066E-005  -6.8905322588545535E-005
   6.0000000000000000        6.8432624950560527E-004   5.6510886833921654E-004   8.9562130398809965E-004   8.2446831575930929E-004   6.8934802104776764E-005   6.1999185664654048E-005  -4.9436135526439652E-005  -4.0130911717850688E-005
   6.2999999999999998        3.5762577742759152E-004   2.8300768901171389E-004   4.5416062415548945E-004   4.0590441896954141E-004   4.3155395324831697E-005   3.7044230803461961E-005  -2.9154854876456333E-005  -2.2593903561838593E-005
   6.5999999999999996        1.8851851723050031E-004   1.4240470614508883E-004   2.3074157284141687E-004   1.9940318327339154E-004   2.5883541045509690E-005   2.1187911714424689E-005  -1.6906398652960985E-005  -1.2470548354098410E-005
   6.8999999999999995        1.0040167200627944E-004   7.2136151938892351E-005   1.1817911037430370E-004   9.8363344114598666E-005   1.5176107171908943E-005   1.1825040975007132E-005  -9.7176782893442813E-006  -6.8032506416630105E-006
   7.1999999999999993        5.4042784982599473E-005   3.6809546473007131E-005   6.1184304953863881E-005   4.8865548418882098E-005   8.7912448252330146E-006   6.5059972992737531E-006  -5.5628145784264409E-006  -3.6864050964822212E-006
   7.5000000000000000        2.9391580873613316E-005   1.8920799011239037E-005   3.2049353418862322E-005   2.4475509773982425E-005   5.0613834099524485E-006   3.5493919946592439E-006  -3.1803541401070655E-006  -1.9899491587570124E-006
   7.7999999999999998        1.6141956978523057E-005   9.7937772069615279E-006   1.6985241272156541E-005   1.2362532220375237E-005   2.9062225187183038E-006   1.9268089309695011E-006  -1.8191014083285436E-006  -1.0721318647181417E-006
   8.0999999999999996        8.9465263974341431E-006   5.1026843713289677E-006   9.1032768721465076E-006   6.2953394376717034E-006   1.6678259092399132E-006   1.0430706719053167E-006  -1.0420931788926950E-006  -5.7722716073038191E-007
   8.4000000000000004        5.0006872561369743E-006   2.6747054502134930E-006   4.9307695289713688E-006   3.2304805287863497E-006   9.5788260587037746E-007   5.6388386817934085E-007  -5.9829848686217532E-007  -3.1080144657612482E-007
   8.6999999999999993        2.8171262276195699E-006   1.4098634830492916E-006   2.6972009861385294E-006   1.6696251176906133E-006   5.5103889067735609E-007   3.0469915399599080E-007  -3.4440908954442140E-007  -1.6745104201813349E-007
   9.0000000000000000        1.5985579424000049E-006   7.4698118428830009E-007   1.4889698560843928E-006   8.6863675381152369E-007   3.1768591072285683E-007   1.6467683259921359E-007  -1.9883334912900538E-007  -9.0306080388173191E-008
   9.2999999999999989        9.1319172018724408E-007   3.9764657300584768E-007   8.2897193074346269E-007   4.5467187521126485E-007   1.8361646033164061E-007   8.9055694603490158E-008  -1.1514029550257908E-007  -4.8761358316997697E-008
   9.5999999999999996        5.2492205619426945E-007   2.1260804322086097E-007   4.6516077837579367E-007   2.3932482161218747E-007   1.0641891441825314E-007   4.8204683765048233E-008  -6.6884092432925390E-008  -2.6365438634745658E-008
   9.9000000000000004        3.0348351543857456E-007   1.1413336190489857E-007   2.6292150424401191E-007   1.2662346193173414E-007   6.1855276549865231E-008   2.6121952154195359E-008  -3.8975167107168071E-008  -1.4277137582888785E-008
   10.199999999999999        1.7640447349309191E-007   6.1498724655898790E-008   1.4961715766907055E-007   6.7313533246760990E-008   3.6059193221356362E-008   1.4173374038764720E-008  -2.2783483196122553E-008  -7.7432550455346951E-009
   10.500000000000000        1.0305328007474192E-007   3.3252430122472921E-008   8.5676621817284047E-008   3.5941346682126103E-008   2.1083787164393227E-008   7.7007731813616962E-009  -1.3359993265611566E-008  -4.2062901459687200E-009
   10.799999999999999        6.0485361548353011E-008   1.8037624501458277E-008   4.9349355848228698E-008   1.9268490450520250E-008   1.2364414281451436E-008   4.1900237670797236E-009  -7.8582560240309307E-009  -2.2886327699037802E-009
   11.100000000000000        3.5657163428581991E-008   9.8138459405264269E-009   2.8580438503395141E-008   1.0368936269985362E-008   7.2724448859041766E-009   2.2831611629491301E-009  -4.6361217615271821E-009  -1.2472560736935405E-009
   11.400000000000000        2.1107412037491108E-008   5.3544828041765825E-009   1.6636818732029441E-008   5.5993592582155882E-009   4.2899514291504057E-009   1.2459581770806994E-009  -2.7432399260266007E-009  -6.8082320875611450E-010
   11.699999999999999        1.2543219048607160E-008   2.9291175348877026E-009   9.7307327537167984E-009   3.0335825009938659E-009   2.5378608056944731E-009   6.8095766853962799E-010  -1.6278801864171486E-009  -3.7222481012439411E-010
   12.000000000000000        7.4812180098734918E-009   1.6063005864842862E-009   5.7169866347306106E-009   1.6485130959267113E-009   1.5055733482341998E-009   3.7272197806809162E-010  -9.6872115295102463E-010  -2.0382570437130298E-010
   12.299999999999999        4.4775109467241796E-009   8.8292482116763435E-010   3.3730206905472784E-009   8.9838558107967645E-010   8.9562816036781931E-010   2.0431171205827872E-010  -5.7804289983322467E-010  -1.1178506697271975E-010
   12.600000000000000        2.6885689371357955E-009   4.8637284122108286E-010   1.9979977492416930E-009   4.9089600374999808E-010   5.3421591910095576E-010   1.1215987682484482E-010  -3.4583837876894312E-010  -6.1399807210630648E-011
   12.900000000000000        1.6193904245509320E-009   2.6847905271038853E-010   1.1879501298520612E-009   2.6890703985717533E-010   3.1947718526157921E-010   6.1660712024495035E-011  -2.0744594579677596E-010  -3.3774957403581378E-011
   13.199999999999999        9.7827138725885493E-010   1.4849037064017805E-010   7.0882643153083446E-010   1.4765108982047009E-010   1.9154332308296736E-010   3.3946551320811799E-011  -1.2474476014798518E-010  -1.8605988507997588E-011
   13.500000000000000        5.9262669504473022E-010   8.2278857323188556E-011   4.2436419767919359E-010   8.1252063051347223E-011   1.1512466320372222E-010   1.8714888551309086E-011  -7.5195601507771976E-011  -1.0264219655789705E-011
   13.799999999999999        3.5996340252873251E-010   4.5670853172905250E-011   2.5487081504271543E-010   4.4806584901679255E-011   6.9360788231127145E-011   1.0331679182030423E-011  -4.5434183999949080E-011  -5.6702109875820364E-012
   14.100000000000000        2.1919763741328412E-010   2.5392935347946604E-011   1.5353790722179101E-010   2.4757680677298712E-011   4.1886521189672629E-011   5.7112843429892335E-012  -2.7514444950032114E-011  -3.1365865080574868E-012
   14.399999999999999        1.3380185298930334E-010   1.4140813125552478E-011   9.2760410371365737E-011   1.3705465331622701E-011   2.5352445973838001E-011   3.1612777420087163E-012  -1.6699136970271294E-011  -1.7373393314921460E-012
   14.699999999999999        8.1863066234428764E-011   7.8866171148145642E-012   5.6195844140239363E-011   7.6006744736354274E-012   1.5378778320311593E-011   1.7520404663551303E-012  -1.0156630889357723E-011  -9.6353123743563556E-013
   15.000000000000000        5.0195645054741674E-011   4.4048513380185947E-012   3.4134120976963844E-011   4.2222828493928960E-012   9.3487116492456805E-012   9.7222042935940552E-013  -6.1900455055063633E-012  -5.3503835958467592E-013
   15.299999999999999        3.0842478511299080E-011   2.4635799382513501E-012   2.0785981102093497E-011   2.3493357882520309E-012   5.6948420855868847E-012   5.4014579370529566E-013  -3.7799915390055164E-012  -2.9745807899160496E-013
   15.600000000000000        1.8988457938323063E-011   1.3796492055807956E-012   1.2688503365984326E-011   1.3092261669934647E-012   3.4760346300828107E-012   3.0044809895387008E-013  -2.3126059473811388E-012  -1.6556602223440460E-013
   15.899999999999999        1.1712133573879866E-011   7.7358678253657927E-013   7.7638462721737587E-012   7.3068326513486372E-013   2.1258464170787095E-012   1.6731187402255319E-013  -1.4173654802360063E-012  -9.2257668439167064E-014
   16.199999999999999        7.2365290488470543E-012   4.3426828978491958E-013   4.7615545723501720E-012   4.0838175827058552E-013   1.3025615287028834E-012   9.3275936670037609E-014  -8.7011829474738389E-013  -5.1463318584214380E-014
   16.500000000000000        4.4781953192099536E-012   2.4405214612781310E-013   2.9269703470141573E-012   2.2856530222417923E-013   7.9956997151378600E-013   5.2057676001623277E-014  -5.3496329726154877E-013  -2.8736253677689721E-014
   16.800000000000001        2.7750153365914525E-012   1.3729094673578443E-013   1.8034231712893209E-012   1.2810156042035543E-013   4.9167673816432874E-013   2.9084321204085207E-014  -3.2932922902580598E-013  -1.6060662192149818E-014
   17.099999999999998        1.7214627037806762E-012   7.7300358601501222E-014   1.1138524494908016E-012   7.1896288848776583E-014   3.0285876818180248E-013   1.6265916781155116E-014  -2.0294338162714205E-013  -8.9835070587589305E-015
   17.399999999999999        1.0686386927992882E-012   4.3553448840501172E-014   6.8975133263015239E-013   4.0410820197736208E-014   1.8685665704897533E-013   9.1060385823652892E-015  -1.2513632521762957E-013  -5.0280429069675538E-015
   17.699999999999999        6.6346678015011692E-013   2.4549535626085827E-014   4.2839247029080309E-013   2.2750874118373140E-014   1.1546544107984630E-013   5.1026568162209529E-015  -7.7161477146264924E-014  -2.8151290962885063E-015
   18.000000000000000        4.1161877553434339E-013   1.3837182657251777E-014   2.6700795450870400E-013   1.2833443458208487E-014   7.1454637590782822E-014   2.8619443391350157E-015  -4.7538506921015380E-014  -1.5759468676466479E-015
   18.300000000000001        2.5485937207754386E-013   7.7931182095682054E-015   1.6716240820306950E-013   7.2573637428257031E-015   4.4278115022631038E-014   1.6065733378569745E-015  -2.9224142658799722E-014  -8.8144054209429375E-016
   18.599999999999998        1.5717169316454421E-013   4.3801317091555498E-015   1.0527140991766958E-013   4.1184856423229772E-015   2.7469006554173559E-014   9.0256663304356106E-016  -1.7889747413132216E-014  -4.9191284135856621E-016
   18.899999999999999        9.6242850277836691E-014   2.4515513741744728E-015   6.6834749442036000E-014   2.3494445188758244E-015   1.7054584434146417E-014   5.0738172866927543E-016  -1.0870638505838431E-014  -2.7331718112573009E-016
   19.199999999999999        5.8228565242246923E-014   1.3613031828878051E-015   4.2921036761504779E-014   1.3512310410449173E-015   1.0589812843523986E-014   2.8532350846748246E-016  -6.5239608071106852E-015  -1.5061773292924087E-016
   19.500000000000000        3.4528153697023577E-014   7.4503802469292015E-016   2.8020111328990385E-014   7.8731850330696853E-016   6.5669296557489955E-015   1.6039243827785418E-016  -3.8355493948263400E-015  -8.1774728774121919E-017
   19.800000000000001        1.9794712054748588E-014   3.9714844419056140E-016   1.8728434641866616E-014   4.6847966853578426E-016   4.0540120416062851E-015   8.9970453603527897E-017  -2.1788460643883305E-015  -4.3219502877102778E-017
   20.099999999999998        1.0705976697676616E-014   2.0160607347666231E-016   1.2942519298040998E-014   2.8826396253616232E-016   2.4732223528588062E-015   5.0117519579606611E-017  -1.1668701782303067E-015  -2.1737864517806774E-017
   20.399999999999999        5.2049277667558706E-015   9.3054274561971964E-017   9.3700435542166892E-015   1.8691324819661269E-016   1.4643326377553635E-015   2.7342130402622082E-017  -5.6127808390261182E-016  -9.9326347158210099E-018
   20.699999999999999        2.0318908190031451E-015   3.4951899499527656E-017   7.2833193259941457E-015   1.3340727138112077E-016   8.3737824580608867E-016   1.4914070047909623E-017  -2.1658936865807209E-016  -3.6895517081733037E-018
   21.000000000000000        4.3979193498838224E-016   7.3871510273488257E-018   5.5387543983783839E-015   9.0705481133582088E-017   1.9284053920923685E-016   2.1518163866827402E-018  -4.6295230989505197E-017  -7.7030563152895827E-019
