 r rp rn tp tn ssp ssn sp sn 
   0.0000000000000000        8.8195569722069947E-002   9.5189268172243616E-002   5.6640638720886469E-002   6.4720159597677948E-002  -1.0435897737326684E-003  -7.3101836313265714E-004   0.0000000000000000        0.0000000000000000     
  0.29999999999999999        8.7517740245911774E-002   9.4281840389448757E-002   5.9126884949891594E-002   6.7544498888488860E-002  -1.2668075409490284E-003  -1.0305722311010515E-003  -1.1724586956262733E-004  -8.9768919353719142E-005
  0.59999999999999998        8.5690637839957298E-002   9.1870876265264259E-002   6.5940800112915268E-002   7.5265906985454448E-002  -1.8934970990032681E-003  -1.8000424521598811E-003  -3.1181309226141512E-004  -2.7954033695015690E-004
  0.89999999999999991        8.3164620969128786E-002   8.8691850003178752E-002   7.4812196830498875E-002   8.5331931404182451E-002  -2.6605198334503513E-003  -2.4455711853000909E-003  -6.3065259061524800E-004  -5.9094780877301078E-004
   1.2000000000000000        8.0534246358334963E-002   8.5659310026419522E-002   8.2268650647880706E-002   9.3834177274154079E-002  -3.0261271290351103E-003  -2.0740719911325695E-003  -1.0324213191461836E-003  -8.8376233098064519E-004
   1.5000000000000000        7.8264649888153653E-002   8.3420229622044928E-002   8.4847620434080562E-002   9.6916338706792990E-002  -2.4379918466598291E-003  -3.4461198310749286E-005  -1.3494610091414961E-003  -8.4707107470138659E-004
   1.7999999999999998        7.6425972599656083E-002   8.1981556040943107E-002   8.0922804938465071E-002   9.2839423195802170E-002  -8.8175914299570878E-004   3.3355443505006695E-003  -1.3627506908221059E-003  -1.6444128218378627E-004
   2.1000000000000001        7.4594279146954934E-002   8.0663587632930023E-002   7.1549289800328569E-002   8.2835188996844653E-002   9.4324666718008550E-004   6.6705255928156048E-003  -9.7392975992642485E-004   1.2217397369539030E-003
   2.3999999999999999        7.2009844704528023E-002   7.8423454697982495E-002   5.9439150850711969E-002   6.9849446604486470E-002   2.1429507006501041E-003   8.4922605049783939E-003  -3.0484117392948554E-004   3.0009993717241218E-003
   2.6999999999999997        6.7894133441539981E-002   7.4307593922256998E-002   4.7287953078616052E-002   5.6697424242826415E-002   2.2731548480511830E-003   8.1452435303478368E-003   3.7893937583199043E-004   4.6513839776962298E-003
   3.0000000000000000        6.1747903466702461E-002   6.7783083959433069E-002   3.6862393965747364E-002   4.5162654708760193E-002   1.5080353244696742E-003   5.9747835604610829E-003   8.3105635111638818E-004   5.7035729410049810E-003
   3.2999999999999998        5.3532369287795360E-002   5.8879380158570742E-002   2.8920324548914061E-002   3.6001253166927649E-002   3.8478651304675148E-004   2.9230239787360413E-003   9.4039798967494967E-004   5.9231421891385192E-003
   3.5999999999999996        4.3724034324006206E-002   4.8186345535377172E-002   2.3415529045935610E-002   2.9206836936991155E-002  -5.4267453391775955E-004   2.8786927018321310E-005   7.5243581140269371E-004   5.3544193040144959E-003
   3.8999999999999999        3.3249551239214269E-002   3.6748994085943849E-002   1.9684086219306285E-002   2.4204166349110708E-002  -9.5090460555013003E-004  -1.9400466213689866E-003   4.1652104317220143E-004   4.2584878800793679E-003
   4.2000000000000002        2.3286139348608917E-002   2.5851316630479470E-002   1.6669083094183555E-002   2.0034068389977087E-002  -8.4289580055165565E-004  -2.6957313591079619E-003   9.8540724003722455E-005   2.9915441392948032E-003
   4.5000000000000000        1.4923243391461210E-002   1.6671889853614390E-002   1.3403974420179690E-002   1.5788094699115626E-002  -4.7146361535396541E-004  -2.4567558104349025E-003  -9.8544203679981664E-005   1.8661324869173905E-003
   4.7999999999999998        8.7795094002726705E-003   9.8889691715960178E-003   9.6796255431358322E-003   1.1271437753350055E-002  -1.2564460114398735E-004  -1.7434669548507347E-003  -1.6473432599385893E-004   1.0485704331555682E-003
   5.0999999999999996        4.8156553005153317E-003   5.4778863296506049E-003   6.1384288538810141E-003   7.1296153658107356E-003   5.7988041238331171E-005  -1.0337824427700687E-003  -1.5008106742214511E-004   5.4483112759895979E-004
   5.3999999999999995        2.5208342538057434E-003   2.8994720842351112E-003   3.4759918716709896E-003   4.0535856115965210E-003   1.0451175720820062E-004  -5.4370473782150354E-004  -1.0853511080601914E-004   2.7046995194335218E-004
   5.7000000000000002        1.2879606868699009E-003   1.4991749916956714E-003   1.8246153970270672E-003   2.1452926750923193E-003   8.9038052249092731E-005  -2.6825267537906644E-004  -6.9586584642989763E-005   1.3211878780220446E-004
   6.0000000000000000        6.5284395656907955E-004   7.6941856329817960E-004   9.2014905081446363E-004   1.0933099605691455E-003   6.0787524778493724E-005  -1.2954877777161691E-004  -4.1734270784830360E-005   6.4835373530074234E-005
   6.2999999999999998        3.3150808653360184E-004   3.9575667809070000E-004   4.5681982467712592E-004   5.4917670809033015E-004   3.7567005543556772E-005  -6.2824765126306815E-005  -2.4110179108934611E-005   3.2351021512791320E-005
   6.5999999999999996        1.6948958209805348E-004   2.0505091638448199E-004   2.2643555286599112E-004   2.7555917728570015E-004   2.2077339760129653E-005  -3.0994835163805173E-005  -1.3640080677951649E-005   1.6505869841956773E-005
   6.8999999999999995        8.7442557730832500E-005   1.0728041124599222E-004   1.1288724108011107E-004   1.3909007824717081E-004   1.2630513007398913E-005  -1.5645823837569521E-005  -7.6287741549753912E-006   8.6245087665878265E-006
   7.1999999999999993        4.5555662014141951E-005   5.6735190173810278E-005   5.6800035751639135E-005   7.0862928788089339E-005   7.1207929086396807E-006  -8.0947206239909342E-006  -4.2415423019342019E-006   4.6110816140977097E-006
   7.5000000000000000        2.3965055802838131E-005   3.0339654791773085E-005   2.8883132026496772E-005   3.6492574862508570E-005   3.9830224557172307E-006  -4.2898975219599306E-006  -2.3521789152315102E-006   2.5171689137824632E-006
   7.7999999999999998        1.2724840352796531E-005   1.6406624248262510E-005   1.4847208576645280E-005   1.9004132064806871E-005   2.2192010829980125E-006  -2.3244057179028203E-006  -1.3037155330376437E-006   1.3992268799789317E-006
   8.0999999999999996        6.8158657344532353E-006   8.9713937351236058E-006   7.7130678904273960E-006   1.0007948398300519E-005   1.2346094417347929E-006  -1.2843541421871177E-006  -7.2313260300720275E-007   7.8978412992451387E-007
   8.4000000000000004        3.6806394564925928E-006   4.9603629073366077E-006   4.0472466743324779E-006   5.3285411519363498E-006   6.8686469058960128E-007  -7.2169631470664325E-007  -4.0172542573656467E-007   4.5145797074174086E-007
   8.6999999999999993        2.0026364124248752E-006   2.7731863310042361E-006   2.1437224584171530E-006   2.8676640754031253E-006   3.8251221729735716E-007  -4.1127953477680732E-007  -2.2363658307453358E-007   2.6072288946923795E-007
   9.0000000000000000        1.0972737584549134E-006   1.5677678813330901E-006   1.1454385632599723E-006   1.5595635677685540E-006   2.1336736193390903E-007  -2.3710929482456923E-007  -1.2479633890162357E-007   1.5180766420213126E-007
   9.2999999999999989        6.0511492751381958E-007   8.9634109894641776E-007   6.1701541158147952E-007   8.5694493311174424E-007   1.1926132630970292E-007  -1.3798665869293450E-007  -6.9822442108117618E-008   8.8958669951098661E-008
   9.5999999999999996        3.3571133596738358E-007   5.1835715664741925E-007   3.3487609982282552E-007   4.7569211884361670E-007   6.6815490223766607E-008  -8.0907288729981938E-008  -3.9171872088608144E-008   5.2383807326780615E-008
   9.9000000000000004        1.8728948897148925E-007   3.0327926095645946E-007   1.8301998914796424E-007   2.6674726738802141E-007   3.7526179425060346E-008  -4.7721027177500677E-008  -2.2037707498076765E-008   3.0955234110234486E-008
   10.199999999999999        1.0502954152072680E-007   1.7956372014885812E-007   1.0067492280025132E-007   1.5110592514965793E-007   2.1130763937338501E-008  -2.8275905969078607E-008  -1.2433130893312533E-008   1.8334272398238222E-008
   10.500000000000000        5.9184431787021302E-008   1.0761266356475040E-007   5.5712654357525784E-008   8.6477550315638593E-008   1.1930064804541990E-008  -1.6811229707041107E-008  -7.0341821109348459E-009   1.0870985896477885E-008
   10.799999999999999        3.3501405506560851E-008   6.5294464188375195E-008   3.1003836201825715E-008   5.0005920650580522E-008   6.7534466693918758E-009  -1.0018500909453928E-008  -3.9907468552884530E-009   6.4449224453436184E-009
   11.100000000000000        1.9043751332612661E-008   4.0118031029894726E-008   1.7343700268408968E-008   2.9222003445053136E-008   3.8331956269993611E-009  -5.9785583057691918E-009  -2.2703076520191618E-009   3.8152517614390275E-009
   11.400000000000000        1.0868303149661291E-008   2.4963671625688119E-008   9.7495246657294509E-009   1.7260633911501317E-008   2.1814214025404232E-009  -3.5690247950582212E-009  -1.2950411353234335E-009   2.2516175555239032E-009
   11.699999999999999        6.2256800688982277E-009   1.5732694912120512E-008   5.5055986346552637E-009   1.0307579513747646E-008   1.2446467231916839E-009  -2.1291183511755263E-009  -7.4067259891130374E-010   1.3221145780010486E-009
   12.000000000000000        3.5787620369541756E-009   1.0041581644297460E-008   3.1223474896807421E-009   6.2245145058419145E-009   7.1196991071143590E-010  -1.2677057927497099E-009  -4.2470419661748765E-010   7.7038848564342382E-010
   12.299999999999999        2.0640161851851887E-009   6.4899038664447283E-009   1.7778721323066452E-009   3.8018260946810763E-009   4.0828610487209799E-010  -7.5225433028245935E-010  -2.4413886826861107E-010   4.4385423770465175E-010
   12.600000000000000        1.1941205852145250E-009   4.2461696178011020E-009   1.0161531823625843E-009   2.3490506675973436E-009   2.3470999521348951E-010  -4.4403900193912776E-010  -1.4068548671355288E-010   2.5150877843773679E-010
   12.900000000000000        6.9289135200443480E-010   2.8113810637432305E-009   5.8285797798825631E-010   1.4684551705378404E-009   1.3525023284362215E-010  -2.6007352334896973E-010  -8.1263454254662120E-011   1.3900962412634745E-010
   13.199999999999999        4.0317801832954517E-010   1.8828008175031806E-009   3.3544756094453304E-010   9.2880688428766401E-010   7.8119351715181512E-011  -1.5061347127155694E-010  -4.7048573967916597E-011   7.3891285962269806E-011
   13.500000000000000        2.3522386670084959E-010   1.2747200591742860E-009   1.9367136476212004E-010   5.9440688062695470E-010   4.5223875328274046E-011  -8.5798727184929188E-011  -2.7300751101302098E-011   3.6765748911446969E-011
   13.799999999999999        1.3758195651925521E-010   8.7193870095234709E-010   1.1215330811740928E-010   3.8485722635042586E-010   2.6238543494423750E-011  -4.7691405401391656E-011  -1.5876386189280556E-011   1.6070611093739422E-011
   14.100000000000000        8.0664781403107973E-011   6.0218671268126821E-010   6.5132476947957157E-011   2.5205943180034707E-010   1.5256286782285529E-011  -2.5514684833298328E-011  -9.2523037947214106E-012   4.9280424632876883E-012
   14.399999999999999        4.7402278910673925E-011   4.1961277034688279E-010   3.7928033462534842E-011   1.6695231314094019E-010   8.8893446923668476E-012  -1.2798314735183310E-011  -5.4030840200385848E-012  -7.3663952039133162E-013
   14.699999999999999        2.7916480330224959E-011   2.9479942235767382E-010   2.2143375153046521E-011   1.1179955782333863E-010   5.1901198712093827E-012  -5.6636969921002326E-012  -3.1615468247285521E-012  -3.3229433864292582E-012
   15.000000000000000        1.6474947418785099E-011   2.0866328289823822E-010   1.2959748957690523E-011   7.5665505206356856E-011   3.0363172026485799E-012  -1.7919722848419019E-012  -1.8535133318776208E-012  -4.2316624175319238E-012
   15.299999999999999        9.7419664978852347E-012   1.4869003639274132E-010   7.6027759316762706E-012   5.1737639433634186E-011   1.7797328962803679E-012   1.9759586268819320E-013  -1.0886825562667599E-012  -4.2703956499150387E-012
   15.600000000000000        5.7714660608457785E-012   1.0658628920233297E-010   4.4702270704997654E-012   3.5727701502709834E-011   1.0451454772116579E-012   1.1223046556008323E-012  -6.4059820118038803E-013  -3.8963553632620530E-012
   15.899999999999999        3.4253036608892544E-012   7.6799719219870638E-011   2.6341104750545392E-012   2.4908141791834653E-011   6.1487896396675491E-013   1.4618702189854432E-012  -3.7758540870907547E-013  -3.3614300108489816E-012
   16.199999999999999        2.0362837016690493E-012   5.5576675332024130E-011   1.5554586422604274E-012   1.7526034114725933E-011   3.6238534863056673E-013   1.4944985815190372E-012  -2.2292057761521360E-013  -2.7985519251335629E-012
   16.500000000000000        1.2124091226604701E-012   4.0355795846395746E-011   9.2042146738966682E-013   1.2443208517609569E-011   2.1394253653285958E-013   1.3787567025083612E-012  -1.3180790989394201E-013  -2.2728579192795324E-012
   16.800000000000001        7.2287608013885431E-013   2.9373834000238145E-011   5.4578021732070283E-013   8.9131685086409985E-012   1.2651634729164633E-013   1.2027231582243492E-012  -7.8041278002788464E-014  -1.8117743797899091E-012
   17.099999999999998        4.3151057149472984E-013   2.1406851938893857E-011   3.2431985297245979E-013   6.4414641552788375E-012   7.4937005152781112E-014   1.0133953194681865E-012  -4.6260322190779739E-014  -1.4225263237245534E-012
   17.399999999999999        2.5781197436549948E-013   1.5598632249022250E-011   1.9315733706098932E-013   4.6974509944554287E-012   4.4455188288538866E-014   8.3419722524650945E-013  -2.7444988241037070E-014  -1.1021772644970623E-012
   17.699999999999999        1.5410170444120495E-013   1.1345838922260975E-011   1.1533027636409710E-013   3.4579820044155508E-012   2.6411866897506682E-014   6.7533028510766884E-013  -1.6288840746060600E-014  -8.4326259911677716E-013
   18.000000000000000        9.2089717031916097E-014   8.2204611553941205E-012   6.9066842513808082E-014   2.5711295973881307E-012   1.5714326926385053E-014   5.3983241470151758E-013  -9.6646511421354011E-015  -6.3684794464150277E-013
   18.300000000000001        5.4960954658879302E-014   5.9169825586584827E-012   4.1517142077604084E-014   1.9325894854253192E-012   9.3620804171262018E-015   4.2707543067749486E-013  -5.7263153476320190E-015  -4.7410286548467859E-013
   18.599999999999998        3.2704232394417254E-014   4.2160983544366018E-012   2.5082525169766942E-014   1.4701894463378623E-012   5.5842883957028484E-015   3.3474300270202739E-013  -3.3822224454487576E-015  -3.4703526622233744E-013
   18.899999999999999        1.9349759691100604E-014   2.9596059435347606E-012   1.5261397702949879E-014   1.1336263653892785E-012   3.3340678925134337E-015   2.5991541864158910E-013  -1.9858772044376427E-015  -2.4876499714722694E-013
   19.199999999999999        1.1332447517800033E-014   2.0329045001321087E-012   9.3823443718478445E-015   8.8760723618429049E-013   1.9914799689140156E-015   1.9963589574208611E-013  -1.1538316193488667E-015  -1.7355603975525372E-013
   19.500000000000000        6.5205541019030179E-015   1.3527193063072161E-012   5.8575928859805234E-015   7.0722661283040238E-013   1.1887663643840815E-015   1.5118136272560690E-013  -6.5835780119082637E-016  -1.1673217881857758E-013
   19.800000000000001        3.6383120148440179E-015   8.5844280918215305E-013   3.7422847681905799E-015   5.7482497933555632E-013   7.0732799688637524E-016   1.1216925628760233E-013  -3.6408196482050499E-016  -7.4545459172872442E-014
   20.099999999999998        1.9223243965140533E-015   5.0599985299184127E-013   2.4737789058635798E-015   4.7781301276662709E-013   4.1687354574727503E-016   8.0577043129839934E-014  -1.9052483735620765E-016  -4.4034370479528405E-014
   20.399999999999999        9.1699889340174997E-016   2.6349173535528522E-013   1.7183403159243558E-015   4.0751734608825001E-013   2.3938175600141226E-016   5.4716589348703242E-014  -8.9942139215777939E-017  -2.2890335377454902E-014
   20.699999999999999        3.5300066203030945E-016   1.0812291503082104E-013   1.2943291656634587E-015   3.5696945243724075E-013   1.3450418518018513E-016   3.3805353113622066E-014  -3.4231663976766609E-017  -9.3420495660740835E-015
   21.000000000000000        7.5750984827505425E-017   2.4121414192272634E-014   9.4556249894689423E-016   3.1241793013794454E-013   2.6732601980585820E-017   1.2258473756962933E-014  -7.2551838191586648E-018  -2.0655554184947611E-015
