nprot,nneut=  20  22
rms_c,rms_p,rms_n,rms_tot=   3.4947       3.4067       3.4264       3.4171    
densities with m. correction:
  i      r          rho-coul        rho-prot       rho-neut       rho-mass
    1  0.000    8.542535249262E-02  8.922607358807E-02  9.660846216789E-02  0.185834535756    
    2  0.300    8.494945474078E-02  8.848667972483E-02  9.558781821667E-02  0.184074497941    
    3  0.600    8.363586246297E-02  8.645364380918E-02  9.283789297674E-02  0.179291536786    
    4  0.900    8.178017541203E-02  8.364103009417E-02  8.920529649998E-02  0.172846326594    
    5  1.200    7.972904274736E-02  8.073886719837E-02  8.577109358794E-02  0.166509960786    
    6  1.500    7.770511223727E-02  7.832434066698E-02  8.335057699190E-02  0.161674917659    
    7  1.800    7.566353878098E-02  7.653161608222E-02  8.201120365644E-02  0.158542819739    
    8  2.100    7.326284270042E-02  7.490409336814E-02  8.098416584482E-02  0.155888259213    
    9  2.400    6.997819794042E-02  7.258099289898E-02  7.907290198606E-02  0.151653894885    
   10  2.700    6.530342956030E-02  6.867932528776E-02  7.520047921631E-02  0.143879804504    
   11  3.000    5.895219438634E-02  6.262776849138E-02  6.876794438662E-02  0.131395712878    
   12  3.300    5.099137928124E-02  5.435177253623E-02  5.978319975927E-02  0.114134972295    
   13  3.600    4.187640584277E-02  4.432734388621E-02  4.884706383689E-02  9.317440772311E-02
   14  3.900    3.237865631847E-02  3.352214413919E-02  3.705074499341E-02  7.057288913260E-02
   15  4.200    2.340807194261E-02  2.320400215734E-02  2.577072543334E-02  4.897472759068E-02
   16  4.500    1.576408499704E-02  1.458651697445E-02  1.631381150732E-02  3.090032848177E-02
   17  4.800    9.902953821237E-03  8.374093622475E-03  9.450928758298E-03  1.782502238077E-02
   18  5.100    5.844871642118E-03  4.490355419688E-03  5.121925458808E-03  9.612280878495E-03
   19  5.400    3.278507673013E-03  2.314299328286E-03  2.670712605733E-03  4.985011934018E-03
   20  5.700    1.770623403228E-03  1.172873460715E-03  1.370149264918E-03  2.543022725633E-03
   21  6.000    9.321711880456E-04  5.927679496314E-04  7.012429566311E-04  1.294010906262E-03
   22  6.300    4.834370212547E-04  3.010244396960E-04  3.607410393615E-04  6.617654790574E-04
   23  6.600    2.490139931761E-04  1.541382587674E-04  1.872055505815E-04  3.413438093490E-04
   24  6.900    1.281618072399E-04  7.969960330920E-05  9.817260688370E-05  1.778722101929E-04
   25  7.200    6.618141240222E-05  4.161823639557E-05  5.204974705768E-05  9.366798345325E-05
   26  7.500    3.437935136746E-05  2.194747327608E-05  2.791032812943E-05  4.985780140550E-05
   27  7.800    1.799262486179E-05  1.167815070246E-05  1.513137819207E-05  2.680952889453E-05
   28  8.100    9.493677031634E-06  6.269568278833E-06  8.297219267316E-06  1.456678754615E-05
   29  8.400    5.051098600873E-06  3.391115548543E-06  4.598382358706E-06  7.989497907249E-06
   30  8.700    2.709425405327E-06  1.849210721284E-06  2.578348755523E-06  4.427559476807E-06
   31  9.000    1.464654072155E-06  1.014145623809E-06  1.460571955977E-06  2.474717579785E-06
   32  9.300    7.975519879415E-07  5.606848726619E-07  8.378302473885E-07  1.398515120050E-06
   33  9.600    4.372150260521E-07  3.109930197471E-07  4.852157769415E-07  7.962087966886E-07
   34  9.900    2.411748481561E-07  1.741318775721E-07  2.850812039101E-07  4.592130814821E-07
   35 10.200    1.337784830764E-07  9.740891133757E-08  1.688307985622E-07  2.662397098997E-07
   36 10.500    7.459260355692E-08  5.525214205685E-08  1.017832620325E-07  1.570354040894E-07
   37 10.800    4.177623962308E-08  3.104453978614E-08  6.162433416353E-08  9.266887394967E-08
   38 11.100    2.349818840864E-08  1.789000021418E-08  3.821713509774E-08  5.610713531192E-08
   39 11.400    1.326000962200E-08  1.002115259321E-08  2.361864343595E-08  3.363979602915E-08
   40 11.700    7.509956715741E-09  5.917479828325E-09  1.511895162668E-08  2.103643145501E-08
   41 12.000    4.260836872250E-09  3.252695198514E-09  9.500895542291E-09  1.275359074081E-08
   42 12.300    2.425646353430E-09  2.010618967090E-09  6.308075716408E-09  8.318694683498E-09
   43 12.600    1.380217004392E-09  1.046144481789E-09  4.001049729059E-09  5.047194210848E-09
   44 12.900    7.885625726805E-10  7.118272868524E-10  2.775577240575E-09  3.487404527428E-09
   45 13.200    4.484401334966E-10  3.216479141577E-10  1.754994639321E-09  2.076642553479E-09
   46 13.500    2.568230852319E-10  2.703925208880E-10  1.286706598023E-09  1.557099118911E-09
   47 13.800    1.451154806543E-10  8.449328897326E-11  7.955315402354E-10  8.800248292087E-10
   48 14.100    8.331214592140E-11  1.154797635431E-10  6.275997813660E-10  7.430795449091E-10
   49 14.400    4.623841867058E-11  8.884191950371E-12  3.685827744285E-10  3.774669663789E-10
   50 14.700    2.671784691336E-11  5.811722341111E-11  3.216581806504E-10  3.797754040615E-10
   51 15.000    1.419020100488E-11 -1.311926210384E-11  1.718815580929E-10  1.587622959890E-10
   52 15.300    8.389678708400E-12  3.480123683501E-11  1.730384798581E-10  2.078397166931E-10
   53 15.600    3.980318922584E-12 -1.757138382185E-11  7.881949915701E-11  6.124811533515E-11
   54 15.900    2.553031648247E-12  2.383667801353E-11  9.758513935821E-11  1.214218173717E-10
   55 16.200    8.531869003125E-13 -1.654714281624E-11  3.409338957399E-11  1.754624675775E-11
   56 16.500    7.519331765261E-13  1.765340760920E-11  5.755402684039E-11  7.520743444958E-11
   57 16.800   -2.080300332355E-14 -1.405753752355E-11  1.259439932107E-11 -1.463138202483E-12
   58 17.100    2.252670812213E-13  1.352466663640E-11  3.532430638478E-11  4.884897302119E-11
   59 17.400   -2.071568355204E-13 -1.139157420365E-11  2.524271785810E-12 -8.867302417837E-12
   60 17.700    8.345517581097E-14  1.041491367234E-11  2.235984130961E-11  3.277475498195E-11
   61 18.000   -2.020772135704E-13 -8.923371055781E-12 -1.825367569442E-12 -1.074873862522E-11
   62 18.300    4.776286024521E-14  7.894589016636E-12  1.438279958622E-11  2.227738860286E-11
   63 18.600   -1.556307797375E-13 -6.725976613373E-12 -3.281850443751E-12 -1.000782705712E-11
   64 18.900    3.558536127585E-14  5.760261983759E-12  9.181359298159E-12  1.494162128192E-11
   65 19.200   -1.085935066095E-13 -4.779279307949E-12 -3.268632549364E-12 -8.047911857312E-12
   66 19.500    2.542562938675E-14  3.898577996392E-12  5.578384786345E-12  9.476962782737E-12
   67 19.800   -6.863081601127E-14 -3.039238201661E-12 -2.507002532415E-12 -5.546240734075E-12
   68 20.100    1.418275913211E-14  2.235716318462E-12  2.931049586614E-12  5.166765905076E-12
   69 20.400   -3.371050409775E-14 -1.459756771623E-12 -1.358967384979E-12 -2.818724156602E-12
   70 20.700    4.205868422450E-15  7.174169319195E-13  8.836801994639E-13  1.601097131383E-12
   71 21.000   -3.111734122008E-24  1.438075750810E-15  1.576779556201E-15  3.014855307011E-15

