 r rp rn tp tn ssp ssn sp sn 
   0.0000000000000000        8.8195569722069933E-002   9.5189268172243630E-002   5.6640638720886489E-002   6.4720159597677990E-002  -1.0435897737326779E-003  -7.3101836313266798E-004   0.0000000000000000        0.0000000000000000     
  0.29999999999999999        8.7517740245911760E-002   9.4281840389448784E-002   5.9126884949891712E-002   6.7544498888488902E-002  -1.2668075409490538E-003  -1.0305722311010365E-003  -1.1724586956262905E-004  -8.9768919353718993E-005
  0.59999999999999998        8.5690637839957284E-002   9.1870876265264273E-002   6.5940800112915310E-002   7.5265906985454434E-002  -1.8934970990033217E-003  -1.8000424521598347E-003  -3.1181309226142325E-004  -2.7954033695014926E-004
  0.89999999999999991        8.3164620969128800E-002   8.8691850003178752E-002   7.4812196830498945E-002   8.5331931404182451E-002  -2.6605198334503513E-003  -2.4455711853000658E-003  -6.3065259061526133E-004  -5.9094780877300026E-004
   1.2000000000000000        8.0534246358334977E-002   8.5659310026419563E-002   8.2268650647880803E-002   9.3834177274154038E-002  -3.0261271290351228E-003  -2.0740719911325829E-003  -1.0324213191461812E-003  -8.8376233098063695E-004
   1.5000000000000000        7.8264649888153681E-002   8.3420229622044970E-002   8.4847620434080576E-002   9.6916338706793059E-002  -2.4379918466599184E-003  -3.4461198310726734E-005  -1.3494610091415191E-003  -8.4707107470138735E-004
   1.7999999999999998        7.6425972599656111E-002   8.1981556040943107E-002   8.0922804938465112E-002   9.2839423195802240E-002  -8.8175914299572526E-004   3.3355443505006868E-003  -1.3627506908221311E-003  -1.6444128218376922E-004
   2.1000000000000001        7.4594279146954962E-002   8.0663587632930037E-002   7.1549289800328625E-002   8.2835188996844653E-002   9.4324666718007986E-004   6.6705255928155571E-003  -9.7392975992644513E-004   1.2217397369539004E-003
   2.3999999999999999        7.2009844704528037E-002   7.8423454697982523E-002   5.9439150850711962E-002   6.9849446604486470E-002   2.1429507006501159E-003   8.4922605049784130E-003  -3.0484117392950256E-004   3.0009993717241188E-003
   2.6999999999999997        6.7894133441539994E-002   7.4307593922257012E-002   4.7287953078616073E-002   5.6697424242826408E-002   2.2731548480511869E-003   8.1452435303478472E-003   3.7893937583198360E-004   4.6513839776962341E-003
   3.0000000000000000        6.1747903466702468E-002   6.7783083959433069E-002   3.6862393965747364E-002   4.5162654708760179E-002   1.5080353244696463E-003   5.9747835604610673E-003   8.3105635111637604E-004   5.7035729410049810E-003
   3.2999999999999998        5.3532369287795374E-002   5.8879380158570728E-002   2.8920324548914078E-002   3.6001253166927642E-002   3.8478651304676374E-004   2.9230239787360387E-003   9.4039798967493580E-004   5.9231421891385166E-003
   3.5999999999999996        4.3724034324006206E-002   4.8186345535377165E-002   2.3415529045935621E-002   2.9206836936991141E-002  -5.4267453391772724E-004   2.8786927018316106E-005   7.5243581140269208E-004   5.3544193040144942E-003
   3.8999999999999999        3.3249551239214269E-002   3.6748994085943856E-002   1.9684086219306285E-002   2.4204166349110712E-002  -9.5090460555012635E-004  -1.9400466213689862E-003   4.1652104317220408E-004   4.2584878800793636E-003
   4.2000000000000002        2.3286139348608906E-002   2.5851316630479463E-002   1.6669083094183558E-002   2.0034068389977084E-002  -8.4289580055166399E-004  -2.6957313591079533E-003   9.8540724003723417E-005   2.9915441392948032E-003
   4.5000000000000000        1.4923243391461199E-002   1.6671889853614386E-002   1.3403974420179685E-002   1.5788094699115629E-002  -4.7146361535396855E-004  -2.4567558104349099E-003  -9.8544203679982857E-005   1.8661324869173896E-003
   4.7999999999999998        8.7795094002726670E-003   9.8889691715960144E-003   9.6796255431358166E-003   1.1271437753350058E-002  -1.2564460114398494E-004  -1.7434669548507357E-003  -1.6473432599385947E-004   1.0485704331555659E-003
   5.0999999999999996        4.8156553005153317E-003   5.4778863296506015E-003   6.1384288538810106E-003   7.1296153658107313E-003   5.7988041238331754E-005  -1.0337824427700654E-003  -1.5008106742214525E-004   5.4483112759895860E-004
   5.3999999999999995        2.5208342538057416E-003   2.8994720842351099E-003   3.4759918716709935E-003   4.0535856115965184E-003   1.0451175720820077E-004  -5.4370473782150257E-004  -1.0853511080601924E-004   2.7046995194335153E-004
   5.7000000000000002        1.2879606868699000E-003   1.4991749916956707E-003   1.8246153970270654E-003   2.1452926750923176E-003   8.9038052249092839E-005  -2.6825267537906579E-004  -6.9586584642989749E-005   1.3211878780220414E-004
   6.0000000000000000        6.5284395656907911E-004   7.6941856329817906E-004   9.2014905081446211E-004   1.0933099605691455E-003   6.0787524778493656E-005  -1.2954877777161656E-004  -4.1734270784830401E-005   6.4835373530074071E-005
   6.2999999999999998        3.3150808653360173E-004   3.9575667809069973E-004   4.5681982467712554E-004   5.4917670809032971E-004   3.7567005543556826E-005  -6.2824765126306625E-005  -2.4110179108934611E-005   3.2351021512791259E-005
   6.5999999999999996        1.6948958209805337E-004   2.0505091638448186E-004   2.2643555286599136E-004   2.7555917728570005E-004   2.2077339760129609E-005  -3.0994835163805126E-005  -1.3640080677951671E-005   1.6505869841956736E-005
   6.8999999999999995        8.7442557730832418E-005   1.0728041124599212E-004   1.1288724108011103E-004   1.3909007824717076E-004   1.2630513007398961E-005  -1.5645823837569490E-005  -7.6287741549754014E-006   8.6245087665878095E-006
   7.1999999999999993        4.5555662014141911E-005   5.6735190173810237E-005   5.6800035751639034E-005   7.0862928788089285E-005   7.1207929086396943E-006  -8.0947206239909309E-006  -4.2415423019342019E-006   4.6110816140976970E-006
   7.5000000000000000        2.3965055802838114E-005   3.0339654791773061E-005   2.8883132026496755E-005   3.6492574862508564E-005   3.9830224557172282E-006  -4.2898975219599280E-006  -2.3521789152315119E-006   2.5171689137824526E-006
   7.7999999999999998        1.2724840352796515E-005   1.6406624248262482E-005   1.4847208576645285E-005   1.9004132064806868E-005   2.2192010829980184E-006  -2.3244057179028177E-006  -1.3037155330376434E-006   1.3992268799789235E-006
   8.0999999999999996        6.8158657344532234E-006   8.9713937351235855E-006   7.7130678904273943E-006   1.0007948398300507E-005   1.2346094417347952E-006  -1.2843541421871155E-006  -7.2313260300720148E-007   7.8978412992450646E-007
   8.4000000000000004        3.6806394564925826E-006   4.9603629073365899E-006   4.0472466743324720E-006   5.3285411519363473E-006   6.8686469058960139E-007  -7.2169631470664039E-007  -4.0172542573656313E-007   4.5145797074173525E-007
   8.6999999999999993        2.0026364124248688E-006   2.7731863310042187E-006   2.1437224584171526E-006   2.8676640754031211E-006   3.8251221729735642E-007  -4.1127953477680710E-007  -2.2363658307453234E-007   2.6072288946923287E-007
   9.0000000000000000        1.0972737584549079E-006   1.5677678813330727E-006   1.1454385632599702E-006   1.5595635677685527E-006   2.1336736193390853E-007  -2.3710929482456936E-007  -1.2479633890162251E-007   1.5180766420212668E-007
   9.2999999999999989        6.0511492751381556E-007   8.9634109894639976E-007   6.1701541158147783E-007   8.5694493311174318E-007   1.1926132630970229E-007  -1.3798665869293514E-007  -6.9822442108116837E-008   8.8958669951094161E-008
   9.5999999999999996        3.3571133596738051E-007   5.1835715664740094E-007   3.3487609982282520E-007   4.7569211884361522E-007   6.6815490223766289E-008  -8.0907288729982189E-008  -3.9171872088607548E-008   5.2383807326776314E-008
   9.9000000000000004        1.8728948897148676E-007   3.0327926095644082E-007   1.8301998914796386E-007   2.6674726738802025E-007   3.7526179425060140E-008  -4.7721027177500942E-008  -2.2037707498076269E-008   3.0955234110230363E-008
   10.199999999999999        1.0502954152072474E-007   1.7956372014883928E-007   1.0067492280025103E-007   1.5110592514965679E-007   2.1130763937338279E-008  -2.8275905969078881E-008  -1.2433130893312134E-008   1.8334272398234259E-008
   10.500000000000000        5.9184431787019635E-008   1.0761266356473135E-007   5.5712654357525546E-008   8.6477550315637614E-008   1.1930064804541805E-008  -1.6811229707041408E-008  -7.0341821109345308E-009   1.0870985896474062E-008
   10.799999999999999        3.3501405506559468E-008   6.5294464188356018E-008   3.1003836201825583E-008   5.0005920650579589E-008   6.7534466693917434E-009  -1.0018500909454195E-008  -3.9907468552882007E-009   6.4449224453399168E-009
   11.100000000000000        1.9043751332611510E-008   4.0118031029875536E-008   1.7343700268408856E-008   2.9222003445052196E-008   3.8331956269992610E-009  -5.9785583057693978E-009  -2.2703076520189558E-009   3.8152517614354591E-009
   11.400000000000000        1.0868303149660331E-008   2.4963671625668985E-008   9.7495246657293599E-009   1.7260633911500466E-008   2.1814214025403388E-009  -3.5690247950583929E-009  -1.2950411353232656E-009   2.2516175555204630E-009
   11.699999999999999        6.2256800688974221E-009   1.5732694912101520E-008   5.5055986346551893E-009   1.0307579513746834E-008   1.2446467231916151E-009  -2.1291183511756454E-009  -7.4067259891116664E-010   1.3221145779977405E-009
   12.000000000000000        3.5787620369535014E-009   1.0041581644278701E-008   3.1223474896806730E-009   6.2245145058411337E-009   7.1196991071137996E-010  -1.2677057927497802E-009  -4.2470419661737557E-010   7.7038848564025107E-010
   12.299999999999999        2.0640161851846229E-009   6.4899038664262912E-009   1.7778721323065923E-009   3.8018260946803368E-009   4.0828610487205265E-010  -7.5225433028247920E-010  -2.4413886826851905E-010   4.4385423770161889E-010
   12.600000000000000        1.1941205852140475E-009   4.2461696177830687E-009   1.0161531823625415E-009   2.3490506675966410E-009   2.3470999521345255E-010  -4.4403900193909875E-010  -1.4068548671347719E-010   2.5150877843484797E-010
   12.900000000000000        6.9289135200403155E-010   2.8113810637256827E-009   5.8285797798821950E-010   1.4684551705371702E-009   1.3525023284359211E-010  -2.6007352334889373E-010  -8.1263454254599642E-011   1.3900962412360700E-010
   13.199999999999999        4.0317801832920385E-010   1.8828008174861945E-009   3.3544756094450336E-010   9.2880688428702501E-010   7.8119351715156929E-011  -1.5061347127143808E-010  -4.7048573967864931E-011   7.3891285959681222E-011
   13.500000000000000        2.3522386670055998E-010   1.2747200591579328E-009   1.9367136476209559E-010   5.9440688062634475E-010   4.5223875328253928E-011  -8.5798727184771093E-011  -2.7300751101259204E-011   3.6765748909012893E-011
   13.799999999999999        1.3758195651900910E-010   8.7193870093669073E-010   1.1215330811738864E-010   3.8485722634984166E-010   2.6238543494407045E-011  -4.7691405401198335E-011  -1.5876386189244896E-011   1.6070611091461754E-011
   14.100000000000000        8.0664781402898657E-011   6.0218671266636593E-010   6.5132476947939890E-011   2.5205943179978578E-010   1.5256286782271664E-011  -2.5514684833074281E-011  -9.2523037946917242E-012   4.9280424611673352E-012
   14.399999999999999        4.7402278910495791E-011   4.1961277033278448E-010   3.7928033462520302E-011   1.6695231314039924E-010   8.8893446923552800E-012  -1.2798314734933133E-011  -5.4030840200138428E-012  -7.3663952235445093E-013
   14.699999999999999        2.7916480330073343E-011   2.9479942234442063E-010   2.2143375153034191E-011   1.1179955782281566E-010   5.1901198711996892E-012  -5.6636969918287291E-012  -3.1615468247079255E-012  -3.3229433882362593E-012
   15.000000000000000        1.6474947418656107E-011   2.0866328288586249E-010   1.2959748957679965E-011   7.5665505205849587E-011   3.0363172026404358E-012  -1.7919722845538002E-012  -1.8535133318604233E-012  -4.2316624191849675E-012
   15.299999999999999        9.7419664977756236E-012   1.4869003638126665E-010   7.6027759316671910E-012   5.1737639433140346E-011   1.7797328962734956E-012   1.9759586298824338E-013  -1.0886825562524327E-012  -4.2703956514172592E-012
   15.600000000000000        5.7714660607527910E-012   1.0658628919177358E-010   4.4702270704919177E-012   3.5727701502227549E-011   1.0451454772058426E-012   1.1223046559082494E-012  -6.4059820116846702E-013  -3.8963553646175564E-012
   15.899999999999999        3.4253036608105681E-012   7.6799719210231657E-011   2.6341104750477142E-012   2.4908141791362323E-011   6.1487896396181909E-013   1.4618702192958829E-012  -3.7758540869917828E-013  -3.3614300120627686E-012
   16.199999999999999        2.0362837016026814E-012   5.5576675323301510E-011   1.5554586422544578E-012   1.7526034114262224E-011   3.6238534862637009E-013   1.4944985818283838E-012  -2.2292057760702028E-013  -2.7985519262114568E-012
   16.500000000000000        1.2124091226047289E-012   4.0355795838576563E-011   9.2042146738440889E-013   1.2443208517153429E-011   2.1394253652928419E-013   1.3787567028127747E-012  -1.3180790988718565E-013  -2.2728579202281001E-012
   16.800000000000001        7.2287608009228561E-013   2.9373833993300924E-011   5.4578021731604924E-013   8.9131685081915922E-012   1.2651634728859776E-013   1.2027231585203066E-012  -7.8041277997244652E-014  -1.8117743806163695E-012
   17.099999999999998        4.3151057145607848E-013   2.1406851932809090E-011   3.2431985296831525E-013   6.4414641548356626E-012   7.4937005150180913E-014   1.0133953197525145E-012  -4.6260322186259175E-014  -1.4225263244366818E-012
   17.399999999999999        2.5781197433367761E-013   1.5598632243752893E-011   1.9315733705727726E-013   4.6974509940182653E-012   4.4455188286322533E-014   8.3419722551640681E-013  -2.7444988237379425E-014  -1.1021772651030856E-012
   17.699999999999999        1.5410170441526352E-013   1.1345838917763134E-011   1.1533027636075488E-013   3.4579820039843902E-012   2.6411866895620884E-014   6.7533028536071078E-013  -1.6288840743129383E-014  -8.4326259962527170E-013
   18.000000000000000        9.2089717011023803E-014   8.2204611516178083E-012   6.9066842510781961E-014   2.5711295969632289E-012   1.5714326924785218E-014   5.3983241493567382E-013  -9.6646511398140438E-015  -6.3684794506129108E-013
   18.300000000000001        5.4960954642304154E-014   5.9169825555484153E-012   4.1517142074850126E-014   1.9325894850071342E-012   9.3620804157752459E-015   4.2707543089113354E-013  -5.7263153458205340E-015  -4.7410286582472343E-013
   18.599999999999998        3.2704232381511218E-014   4.2160983519330807E-012   2.5082525167248141E-014   1.4701894459270409E-012   5.5842883945696576E-015   3.3474300289391148E-013  -3.3822224440610156E-015  -3.4703526649164107E-013
   18.899999999999999        1.9349759681287232E-014   2.9596059415745704E-012   1.5261397700635046E-014   1.1336263649866309E-012   3.3340678915717448E-015   2.5991541881086901E-013  -1.9858772033991917E-015  -2.4876499735473148E-013
   19.199999999999999        1.1332447510563903E-014   2.0329044986494711E-012   9.3823443697108771E-015   8.8760723579074588E-013   1.9914799681416198E-015   1.9963589588828687E-013  -1.1538316185951042E-015  -1.7355603990974889E-013
   19.500000000000000        6.5205540967810940E-015   1.3527193052347373E-012   5.8575928839993261E-015   7.0722661244699629E-013   1.1887663637620617E-015   1.5118136284861550E-013  -6.5835780066550112E-016  -1.1673217892861171E-013
   19.800000000000001        3.6383120114184021E-015   8.5844280845177539E-013   3.7422847663465608E-015   5.7482497896339008E-013   7.0732799639853202E-016   1.1216925638764506E-013  -3.6408196447448353E-016  -7.4545459246671263E-014
   20.099999999999998        1.9223243944059736E-015   5.0599985253578253E-013   2.4737789041411596E-015   4.7781301240686492E-013   4.1687354537964923E-016   8.0577043207459214E-014  -1.9052483714644857E-016  -4.4034370524921190E-014
   20.399999999999999        9.1699889226654856E-016   2.6349173510694560E-013   1.7183403143092992E-015   4.0751734574181734E-013   2.3938175574189261E-016   5.4716589404729134E-014  -8.9942139104483742E-017  -2.2890335401809098E-014
   20.699999999999999        3.5300066155319425E-016   1.0812291492562637E-013   1.2943291641538197E-015   3.5696945210779502E-013   1.3450418501628966E-016   3.3805353149432205E-014  -3.4231663930668536E-017  -9.3420495762407588E-015
   21.000000000000000        7.5750984719517393E-017   2.4121414168352693E-014   9.4556249753362546E-016   3.1241792982355421E-013   2.6732601915297436E-017   1.2258473771917206E-014  -7.2551838088740925E-018  -2.0655554207735010E-015
