 r rp rn tp tn ssp ssn sp sn 
   0.0000000000000000        8.3832104314115058E-002   9.4569226392111072E-002   5.1642979932883415E-002   6.4744856446893373E-002  -2.3222167252060456E-003  -2.2890719239246882E-003   0.0000000000000000        0.0000000000000000     
  0.29999999999999999        8.3272318846383669E-002   9.3670716473754551E-002   5.4030012932270603E-002   6.7717238904547034E-002  -2.6126430757308686E-003  -2.7625810386281849E-003  -2.4890447573773468E-004  -2.5437580510330471E-004
  0.59999999999999998        8.1768118941033210E-002   9.1317997300727788E-002   6.0635553691071715E-002   7.6019063166364337E-002  -3.4161430650139490E-003  -3.8759106057294213E-003  -5.9790577077824475E-004  -6.6156328647161942E-004
  0.89999999999999991        7.9692693097206668E-002   8.8350663581638234E-002   6.9409149492929492E-002   8.7379714512543158E-002  -4.3699865679621697E-003  -4.3704824390663165E-003  -1.1025340355627290E-003  -1.1978580700875000E-003
   1.2000000000000000        7.7535892595543859E-002   8.5827217562373923E-002   7.7124957482749640E-002   9.8021978090018572E-002  -4.8048093932495156E-003  -2.6660217450804173E-003  -1.7057906938886789E-003  -1.5333393769070805E-003
   1.5000000000000000        7.5676884795806351E-002   8.4516139323319528E-002   8.0417927549779514E-002  0.10384184627491432       -4.0649490521350203E-003   2.1246843814248569E-003  -2.2003045004592306E-003  -1.0777123086482562E-003
   1.7999999999999998        7.4162663400790876E-002   8.4444143197229093E-002   7.7517493109023783E-002  0.10254731735506163       -2.1183532377206816E-003   9.1069841139992495E-003  -2.3174998375840778E-003   6.9724482588934993E-004
   2.1000000000000001        7.2614442445227731E-002   8.4815013117967866E-002   6.9198353926938280E-002   9.4792440361109037E-002   2.4797640255535603E-004   1.5745109938974156E-002  -1.9238521996441543E-003   3.8249326976428329E-003
   2.3999999999999999        7.0348933522443244E-002   8.4367990514326766E-002   5.7946273176974192E-002   8.3124611348839250E-002   1.9975269476006103E-003   1.9412761881700137E-002  -1.1380999819099254E-003   7.6916571665817477E-003
   2.6999999999999997        6.6649153213834661E-002   8.1894106235173181E-002   4.6366356383543632E-002   7.0199354440701286E-002   2.5623518026416988E-003   1.8891549900641999E-002  -2.5388538875953365E-004   1.1309245599930842E-002
   3.0000000000000000        6.1029736641261809E-002   7.6620227594754620E-002   3.6238966276492923E-002   5.7872156123632473E-002   2.0478176830396556E-003   1.4684527626028600E-002   4.3683769240091740E-004   1.3760776769818182E-002
   3.2999999999999998        5.3401762791391819E-002   6.8386279798616806E-002   2.8398137743045934E-002   4.7161507458024533E-002   9.7576135619201480E-004   8.4076993697827333E-003   7.7415500197371915E-004   1.4526298147705372E-002
   3.5999999999999996        4.4133855683258179E-002   5.7667188175759415E-002   2.2922705593429151E-002   3.8447777680038639E-002  -6.8679158766182802E-005   1.9827537744079764E-003   7.6248994677554055E-004   1.3589642342638673E-002
   3.8999999999999999        3.4024209806884260E-002   4.5487351667376573E-002   1.9300315539594104E-002   3.1579820995122708E-002  -6.8713582485650532E-004  -2.9929631837086771E-003   5.2765722279795018E-004   1.1366193864452289E-002
   4.2000000000000002        2.4163170216063210E-002   3.3229968938388713E-002   1.6575099026761058E-002   2.5922406457087373E-002  -7.8284651429918063E-004  -5.6459864996562092E-003   2.3708032410410410E-004   8.5213136012021479E-003
   4.5000000000000000        1.5653653106947850E-002   2.2315871374439942E-002   1.3709079287232140E-002   2.0601283487253486E-002  -5.3168553295309773E-004  -6.0012811751540785E-003   1.8703401404938748E-005   5.7380781965532396E-003
   4.7999999999999998        9.2347517915776743E-003   1.3775999884365758E-002   1.0246925586726434E-002   1.5141076616154809E-002  -2.1286048660310315E-004  -4.8464567280220531E-003  -8.4469760141609143E-005   3.4982345716980091E-003
   5.0999999999999996        5.0163989307304216E-003   7.9092383913356538E-003   6.6786620676324874E-003   9.9641122981448497E-003  -7.7314365563093901E-006  -3.2304326738919319E-003  -1.0075009028870260E-004   1.9670989734590391E-003
   5.3999999999999995        2.5651292984098743E-003   4.3153143699025754E-003   3.8192900632735040E-003   5.8819029117767561E-003   6.5067163526777344E-005  -1.8814570971192536E-003  -7.8954497886269353E-005   1.0480758948749438E-003
   5.7000000000000002        1.2655044708467084E-003   2.2901923244481042E-003   1.9851485576668128E-003   3.2077674981003629E-003   6.6154877344020910E-005  -1.0105564635060152E-003  -5.1576750533679838E-005   5.4344731168654578E-004
   6.0000000000000000        6.1429945734689094E-004   1.2038201629892230E-003   9.7594259680649023E-004   1.6740434607020469E-003   4.6864214864569981E-005  -5.2299967322763977E-004  -3.0597494646184505E-005   2.7970135364729882E-004
   6.2999999999999998        2.9712037161844500E-004   6.3380860076309381E-004   4.6743372203599957E-004   8.5825553591362146E-004   2.8761804926201628E-005  -2.6808549845470399E-004  -1.7201202427989393E-005   1.4456567438990629E-004
   6.5999999999999996        1.4419765787908391E-004   3.3625068272978288E-004   2.2204701134990315E-004   4.3906347036652064E-004   1.6459331036092648E-005  -1.3802167491203216E-004  -9.3782801286191103E-006   7.5463244498088583E-005
   6.8999999999999995        7.0461621762410223E-005   1.8026108460736609E-004   1.0563972471150646E-004   2.2597258968586853E-004   9.0751500583668710E-006  -7.1803935231854691E-005  -5.0240491880418017E-006   3.9868146518262067E-005
   7.1999999999999993        3.4716978896536310E-005   9.7761407146831780E-005   5.0582214965737178E-005   1.1746209550254872E-004   4.9009806465002912E-006  -3.7825375505620668E-005  -2.6647115059399450E-006   2.1322699809920940E-005
   7.5000000000000000        1.7254180112212099E-005   5.3653224771872775E-005   2.4429907659285771E-005   6.1767244618676708E-005   2.6156735284390442E-006  -2.0181299451420666E-005  -1.4056797659378068E-006   1.1537027912211003E-005
   7.7999999999999998        8.6486615946998746E-006   2.9796553652133109E-005   1.1910812771574818E-005   3.2873402557308812E-005   1.3867583432003485E-006  -1.0898593271008205E-005  -7.3956658512813829E-007   6.3083472798353925E-006
   8.0999999999999996        4.3705639476608982E-006   1.6741728992349306E-005   5.8624223176066496E-006   1.7706401221698771E-005   7.3264960402871498E-007  -5.9512742956835841E-006  -3.8876709922819594E-007   3.4815510984146367E-006
   8.4000000000000004        2.2256050807704469E-006   9.5151062148907437E-006   2.9119953363231374E-006   9.6491690284398978E-006   3.8648005982094910E-007  -3.2822378110895366E-006  -2.0441705559489968E-007   1.9369108719506685E-006
   8.6999999999999993        1.1414514182444609E-006   5.4693694581624360E-006   1.4590550931788988E-006   5.3182403915049534E-006   2.0382057941909943E-007  -1.8261638700921970E-006  -1.0759285904477819E-007   1.0848362010737796E-006
   9.0000000000000000        5.8931394468953817E-007   3.1792825362620512E-006   7.3702641914678648E-007   2.9635497696535983E-006   1.0755386123065497E-007  -1.0237967833674282E-006  -5.6715498097555162E-008   6.1089353984572207E-007
   9.2999999999999989        3.0613237055921075E-007   1.8688643574297784E-006   3.7513233194902406E-007   1.6691289916423155E-006   5.6820727599315123E-008  -5.7769121240091243E-007  -2.9951091264220824E-008   3.4539785065768714E-007
   9.5999999999999996        1.5993862308167213E-007   1.1109707740043096E-006   1.9228449631423903E-007   9.4993747373790163E-007   3.0064634614945312E-008  -3.2771204884630707E-007  -1.5849212258842684E-008   1.9578732062124565E-007
   9.9000000000000004        8.4004593185556103E-008   6.6796227366385164E-007   9.9207514131142757E-008   5.4619976602777670E-007   1.5936190479180877E-008  -1.8668122700328472E-007  -8.4051333165255906E-009   1.1107959952720374E-007
   10.199999999999999        4.4340193153930435E-008   4.0625531816642275E-007   5.1497197264109685E-008   3.1725909622574050E-007   8.4638099986692214E-009  -1.0665685737865321E-007  -4.4674283239284099E-009   6.2951397114494135E-008
   10.500000000000000        2.3512054297840031E-008   2.4999841600737126E-007   2.6882884073373520E-008   1.8615210503150486E-007   4.5045034119941463E-009  -6.1033763360028009E-008  -2.3799297401582018E-009   3.5548043108011622E-008
   10.799999999999999        1.2521279704418403E-008   1.5569438245115122E-007   1.4107550240926625E-008   1.1033867020547814E-007   2.4024558690519170E-009  -3.4927390802270536E-008  -1.2707784600034036E-009   1.9935836146973658E-008
   11.100000000000000        6.6950003606689340E-009   9.8156190953525102E-008   7.4397062898479468E-009   6.6074778042822958E-008   1.2841200071299196E-009  -1.9950442239707507E-008  -6.8009851012722931E-010   1.1052460871491482E-008
   11.400000000000000        3.5932346015968832E-009   6.2658392692667542E-008   3.9413673619673654E-009   3.9981504468122805E-008   6.8786277990890986E-010  -1.1346907385811971E-008  -3.6480525226979915E-010   6.0159035418226750E-009
   11.699999999999999        1.9353191926866833E-009   4.0509041259736729E-008   2.0969874139527384E-009   2.4450446765218786E-008   3.6926752314549265E-010  -6.4051525962071560E-009  -1.9612108349906068E-010   3.1793381382857636E-009
   12.000000000000000        1.0458257649043431E-009   2.6528180153621425E-008   1.1201715413996352E-009   1.5115568201304757E-008   1.9866226034728710E-010  -3.5719787485101405E-009  -1.0566837187316042E-010   1.5992388966653146E-009
   12.299999999999999        5.6691922612927887E-010   1.7598925660989327E-008   6.0062743358193281E-010   9.4490746088415579E-009   1.0710571143943346E-010  -1.9543492795724970E-009  -5.7056447815776065E-011   7.3420883398497957E-010
   12.600000000000000        3.0821980484133105E-010   1.1827433763462474E-008   3.2319075618715307E-010   5.9745206965742952E-009   5.7865297283998526E-011  -1.0372955442317517E-009  -3.0873327177651862E-011   2.7353594005208992E-010
   12.900000000000000        1.6803744423717824E-010   8.0515696956936184E-009   1.7448385835663245E-010   3.8219515836589838E-009   3.1326754703733849E-011  -5.2327099513841842E-010  -1.6740183399358089E-011   3.9152672710208472E-011
   13.199999999999999        9.1852730929478036E-011   5.5510075873538902E-009   9.4495464777681726E-011   2.4742572785271702E-009   1.6993635507447471E-011  -2.4019427497690480E-010  -9.0952280085837351E-012  -7.0640182840211773E-011
   13.500000000000000        5.0333594816515691E-011   3.8746809574744470E-009   5.1327435735790885E-011   1.6213399464564570E-009   9.2365968743417010E-012  -8.8575110302077804E-011  -4.9513295730587935E-012  -1.1357191211919770E-010
   13.799999999999999        2.7646977711466636E-011   2.7371782549791001E-009   2.7957647556646994E-011   1.0755770128927586E-009   5.0300586803884299E-012  -1.0996668133633542E-011  -2.7006178532958582E-012  -1.2209235748823596E-010
   14.100000000000000        1.5219812340582400E-011   1.9559848272493460E-009   1.5268599394013117E-011   7.2241742768943991E-010   2.7444148888468375E-012   2.5553249739467550E-011  -1.4757600103165449E-012  -1.1416601385007719E-010
   14.399999999999999        8.3964290199624093E-012   1.4131274397355491E-009   8.3595977363958415E-012   4.9127639610763698E-010   1.5001072865890266E-012   3.9936209803929427E-011  -8.0790076645931702E-013  -9.9505351834811766E-011
   14.699999999999999        4.6415032449587209E-012   1.0315201806201625E-009   4.5877937592558674E-012   3.3825015783014575E-010   8.2143073466075756E-013   4.2823348979051103E-011  -4.4306605795118598E-013  -8.3165104941160724E-011
   15.000000000000000        2.5707464900537393E-012   7.6024238301234023E-010   2.5235027831644878E-012   2.3576744023415914E-010   4.5058428787940008E-013   4.0162049275024972E-011  -2.4340284932314056E-013  -6.7608117428455987E-011
   15.299999999999999        1.4264499801431433E-012   5.6528983978550165E-010   1.3910358880293955E-012   1.6634334063442290E-010   2.4758152547004343E-013   3.5191430721390476E-011  -1.3393926475746052E-013  -5.3886123874587470E-011
   15.600000000000000        7.9288891543378491E-013   4.2370904988675069E-010   7.6836041202693691E-013   1.1877824595083506E-010   1.3626315326863049E-013   2.9612098421442723E-011  -7.3823224950460723E-014  -4.2308777057974438E-011
   15.899999999999999        4.4145778947898701E-013   3.1984096919784344E-010   4.2525134440830834E-013   8.5825328432997172E-011   7.5116936476585452E-014   2.4262719236817009E-011  -4.0752796900708215E-014  -3.2817708515296355E-011
   16.199999999999999        2.4617782538362503E-013   2.4289195978014146E-010   2.3580213780013023E-013   6.2747037467078395E-011   4.1474204352577639E-014   1.9509154484510005E-011  -2.2530715905635086E-014  -2.5191476744232109E-011
   16.500000000000000        1.3748348996837082E-013   1.8534737015343407E-010   1.3099213272509860E-013   4.6414010274783046E-011   2.2934053398651217E-014   1.5466341304077135E-011  -1.2474260424317651E-014  -1.9154359756192149E-011
   16.800000000000001        7.6885842589836567E-014   1.4192505859661914E-010   7.2899061130167031E-014   3.4737602567805439E-011   1.2700713229235087E-014   1.2123176094659713E-011  -6.9157203222312807E-015  -1.4431155015702177E-011
   17.099999999999998        4.3050272334156884E-014   1.0887815583927453E-010   4.0642136781839391E-014   2.6309295999433677E-011   7.0437171434867831E-015   9.4114435305476517E-012  -3.8387381083243625E-015  -1.0772229457163875E-011
   17.399999999999999        2.4129878420540118E-014   8.3525866539171096E-011   2.2700288074555414E-014   2.0169460085572327E-011   3.9118649069757711E-015   7.2427299412035761E-012  -2.1329851410341908E-015  -7.9626490137960899E-012
   17.699999999999999        1.3535006481347249E-014   6.3934597484942276E-011   1.2704218628653836E-014   1.5657684464489464E-011   2.1754775313646261E-015   5.5272397344798311E-012  -1.1860714737457120E-015  -5.8231840118260834E-012
   18.000000000000000        7.5942961206807573E-015   4.8699136898862439E-011   7.1261255415825249E-015   1.2314995452145768E-011   1.2114140769738364E-015   4.1825666351897824E-012  -6.5971545183244473E-016  -4.2075084884207458E-012
   18.300000000000001        4.2590951998766334E-015   3.6791064216411919E-011   4.0085372110037908E-015   9.8193661868586307E-012   6.7541616619723057E-016   3.1370418674755568E-012  -3.6676945965519974E-016  -2.9979211166584406E-012
   18.599999999999998        2.3845300146780857E-015   2.7452769430067872E-011   2.2634491256801767E-015   7.9427827298124820E-012   3.7701072732291399E-016   2.3302825190845102E-012  -2.0354588614887932E-016  -2.1007891345064551E-012
   18.899999999999999        1.3298842401865733E-015   2.0122709417017339E-011   1.2851353407030968E-015   6.5223935228904593E-012   2.1065712604705329E-016   1.7124038984482678E-012  -1.1251588481221470E-016  -1.4422898509615044E-012
   19.199999999999999        7.3610508039028809E-016   1.4382260784210338E-011   7.3584618117520949E-016   5.4409444858234170E-012   1.1779075634001282E-016   1.2426920384750710E-012  -6.1717427379652837E-017  -9.6468412877779509E-013
   19.500000000000000        4.0173563910274802E-016   9.9176454402475350E-012   4.2698384455322842E-016   4.6133919776271562E-012   6.5866211063975360E-017   8.8815211087285436E-013  -3.3370637484956567E-017  -6.2317885799016246E-013
   19.800000000000001        2.1363311105552140E-016   6.4924762098912364E-012   2.5310740015718661E-016   3.9776501653150101E-012   3.6768337328597456E-017   6.2213518322696011E-013  -1.7574665622230115E-017  -3.8334907753764714E-013
   20.099999999999998        1.0823362951814426E-016   3.9278600004203243E-012   1.5521962438729381E-016   3.4879477159874393E-012   2.0393120488903278E-017   4.2312874046804098E-013  -8.8136167314358147E-018  -2.1905384928665589E-013
   20.399999999999999        4.9881209252759464E-017   2.0879523253625882E-012   1.0036547244575662E-016   3.1128562073145457E-012   1.1084891766440269E-017   2.7372556077547887E-013  -4.0180632334303766E-018  -1.1077038332594245E-013
   20.699999999999999        1.8716148336837520E-017   8.6962748434976247E-013   7.1510541577004703E-017   2.8142589760820564E-012   6.0347432481461969E-018   1.6423190331436492E-013  -1.4901685757217697E-018  -4.4279820472214059E-014
   21.000000000000000        3.9533323923106410E-018   1.9576509413618634E-013   4.8482636302008349E-017   2.5561657370889607E-012   8.4901931834976441E-019   5.1514482329621996E-014  -3.1083070044284550E-019  -9.6642952229922501E-015
