nprot,nneut=  20  26
rms_c,rms_p,rms_n,rms_tot=   3.5028       3.4256       3.5445       3.4933    
densities with m. correction:
  i      r          rho-coul        rho-prot       rho-neut       rho-mass
    1  0.000    8.155311501818E-02  8.462907839844E-02  9.590432993835E-02  0.180533408337    
    2  0.300    8.116098833866E-02  8.402159127824E-02  9.488456408252E-02  0.178906155361    
    3  0.600    8.008493407435E-02  8.235601730324E-02  9.217315450998E-02  0.174529171813    
    4  0.900    7.858258626835E-02  8.005843612572E-02  8.871830395263E-02  0.168776740078    
    5  1.200    7.694934128236E-02  7.769290260182E-02  8.575466803685E-02  0.163447570639    
    6  1.500    7.535979128879E-02  7.572460249845E-02  8.423922420549E-02  0.159963826704    
    7  1.800    7.373975124034E-02  7.425349766439E-02  8.427403253102E-02  0.158527530195    
    8  2.100    7.174315766822E-02  7.288046188365E-02  8.497242364502E-02  0.157852885529    
    9  2.400    6.885847581567E-02  7.084225900212E-02  8.491068233693E-02  0.155752941339    
   10  2.700    6.459459229238E-02  6.733503633958E-02  8.274752563226E-02  0.150082561972    
   11  3.000    5.866388304603E-02  6.181311079289E-02  7.763513796400E-02  0.139448248757    
   12  3.300    5.110377525330E-02  5.415569334448E-02  6.938380750663E-02  0.123539500851    
   13  3.600    4.231464141514E-02  4.472327843018E-02  5.847147789093E-02  0.103194756321    
   14  3.900    3.300808398689E-02  3.433607615132E-02  4.595742074121E-02  8.029349689252E-02
   15  4.200    2.406212450225E-02  2.415045804958E-02  3.330067617093E-02  5.745113422051E-02
   16  4.500    1.629785141177E-02  1.537744092769E-02  2.204224286805E-02  3.741968379573E-02
   17  4.800    1.024307546834E-02  8.854235565553E-03  1.333469545427E-02  2.218893101983E-02
   18  5.100    6.000569608172E-03  4.689313679750E-03  7.497758928594E-03  1.218707260834E-02
   19  5.400    3.308001446634E-03  2.351561334367E-03  4.027709090109E-03  6.379270424476E-03
   20  5.700    1.736867391705E-03  1.146769542970E-03  2.119284065618E-03  3.266053608587E-03
   21  6.000    8.790153774629E-04  5.537004128895E-04  1.110370927400E-03  1.664071340290E-03
   22  6.300    4.333075472603E-04  2.674161602208E-04  5.845563345983E-04  8.519724948191E-04
   23  6.600    2.097933109250E-04  1.298586772787E-04  3.105962235813E-04  4.404549008600E-04
   24  6.900    1.003853393096E-04  6.355783078994E-05  1.668856871810E-04  2.304435179709E-04
   25  7.200    4.767261197045E-05  3.137727976986E-05  9.073661962405E-05  1.221138993939E-04
   26  7.500    2.252653386576E-05  1.562857209270E-05  4.992832756285E-05  6.555689965555E-05
   27  7.800    1.060304934329E-05  7.849172387644E-06  2.779823995901E-05  3.564741234666E-05
   28  8.100    4.970714183556E-06  3.975229967858E-06  1.565875668177E-05  1.963398664963E-05
   29  8.400    2.317752794212E-06  2.027288270679E-06  8.920481943680E-06  1.094777021436E-05
   30  8.700    1.072038102464E-06  1.042142377066E-06  5.140294193507E-06  6.182436570572E-06
   31  9.000    4.896536175651E-07  5.383408879345E-07  2.994329947401E-06  3.532670835336E-06
   32  9.300    2.192698940746E-07  2.805278980148E-07  1.764617431164E-06  2.045145329179E-06
   33  9.600    9.508199771458E-08  1.463472421418E-07  1.050919459132E-06  1.197266701274E-06
   34  9.900    3.902986488037E-08  7.731539019589E-08  6.336396484738E-07  7.109550386697E-07
   35 10.200    1.440736242659E-08  4.054511697735E-08  3.859012623484E-07  4.264463793258E-07
   36 10.500    4.090149904338E-09  2.179370264287E-08  2.382954455967E-07  2.600891482396E-07
   37 10.800    1.099743948647E-10  1.137869990150E-08  1.484736081556E-07  1.598523080571E-07
   38 11.100   -1.153687994059E-09  6.299823784643E-09  9.404548768581E-08  1.003453114705E-07
   39 11.400   -1.345727687170E-09  3.198058420328E-09  5.995979260778E-08  6.315785102811E-08
   40 11.700   -1.159323755814E-09  1.888580021459E-09  3.903617673409E-08  4.092475675555E-08
   41 12.000   -8.950104126863E-10  8.748712850992E-10  2.545308533756E-08  2.632795662266E-08
   42 12.300   -6.480618662883E-10  6.050236139437E-10  1.707175933932E-08  1.767678295327E-08
   43 12.600   -4.567691675759E-10  2.126655841579E-10  1.136274363180E-08  1.157540921595E-08
   44 12.900   -3.126334073773E-10  2.202210171744E-10  7.872333220280E-09  8.092554237454E-09
   45 13.200   -2.136951974966E-10  2.704316806746E-11  5.328610619789E-09  5.355653787856E-09
   46 13.500   -1.428145135943E-10  9.867361911359E-11  3.825345202197E-09  3.924018821310E-09
   47 13.800   -9.699943118851E-11 -2.114600018191E-11  2.617592687067E-09  2.596446686885E-09
   48 14.100   -6.406187673061E-11  5.618333168187E-11  1.954675191627E-09  2.010858523309E-09
   49 14.400   -4.390027975974E-11 -3.008743863269E-11  1.340944443624E-09  1.310857004991E-09
   50 14.700   -2.873821578567E-11  3.842626470898E-11  1.046753536635E-09  1.085179801344E-09
   51 15.000   -2.015030824614E-11 -2.835582029433E-11  7.122029909734E-10  6.838471706791E-10
   52 15.300   -1.302782370983E-11  2.902399975524E-11  5.848036785006E-10  6.138276782558E-10
   53 15.600   -9.503060614932E-12 -2.421093801991E-11  3.893908854305E-10  3.651799474106E-10
   54 15.900   -6.005169530578E-12  2.286237099469E-11  3.389047194626E-10  3.617670904573E-10
   55 16.200   -4.657963234763E-12 -1.995295463699E-11  2.172552506443E-10  1.973022960073E-10
   56 16.500   -2.825924485818E-12  1.823795029352E-11  2.022436920801E-10  2.204816423736E-10
   57 16.800   -2.398375217342E-12 -1.614205445897E-11  1.223183441666E-10  1.061762897076E-10
   58 17.100   -1.363221845705E-12  1.451199734322E-11  1.231050223993E-10  1.376170197425E-10
   59 17.400   -1.309246969786E-12 -1.284485471024E-11  6.842884593958E-11  5.558399122935E-11
   60 17.700   -6.796504260010E-13  1.139661720619E-11  7.547146045848E-11  8.686807766466E-11
   61 18.000   -7.619535012605E-13 -1.000108756547E-11  3.716821705487E-11  2.716712948940E-11
   62 18.300   -3.567070821258E-13  8.731442095512E-12  4.579357788967E-11  5.452501998518E-11
   63 18.600   -4.720510957810E-13 -7.528782836265E-12  1.886272584930E-11  1.133394301303E-11
   64 18.900   -2.035752419465E-13  6.410238241045E-12  2.679482705269E-11  3.320506529374E-11
   65 19.200   -3.067677295187E-13 -5.351989520384E-12  8.298312062224E-12  2.946322541840E-12
   66 19.500   -1.293671850362E-13  4.354518449488E-12  1.445903514635E-11  1.881355359584E-11
   67 19.800   -1.989107920308E-13 -3.406041095749E-12  2.601922840274E-12 -8.041182554745E-13
   68 20.100   -8.405183991829E-14  2.502539984698E-12  6.515805235961E-12  9.018345220659E-12
   69 20.400   -1.058409089602E-13 -1.636724546136E-12  1.544964173355E-13 -1.482228128800E-12
   70 20.700   -3.175370945115E-14  8.037269146087E-13  1.674543326352E-12  2.478270240961E-12
   71 21.000   -4.064105033377E-24  1.859639517127E-15  2.066176530183E-15  3.925816047310E-15

