nprot,nneut=  20  28
rms_c,rms_p,rms_n,rms_tot=   3.5070       3.4353       3.5895       3.5261    
densities with m. correction:
  i      r          rho-coul        rho-prot       rho-neut       rho-mass
    1  0.000    7.951129575692E-02  8.205449112730E-02  9.577509363417E-02  0.177829584761    
    2  0.300    7.917890641456E-02  8.154599438635E-02  9.470564219643E-02  0.176251636583    
    3  0.600    7.826998512017E-02  8.015514350176E-02  9.187780317481E-02  0.172032946677    
    4  0.900    7.700900457438E-02  7.824170964032E-02  8.833588535535E-02  0.166577594996    
    5  1.200    7.564656371154E-02  7.627137386803E-02  8.545565182282E-02  0.161727025691    
    6  1.500    7.431532094798E-02  7.461399234871E-02  8.432434011005E-02  0.158938332459    
    7  1.800    7.291614864680E-02  7.332764234814E-02  8.508262073699E-02  0.158410263085    
    8  2.100    7.110128787745E-02  7.204544350894E-02  8.675540002027E-02  0.158800843529    
    9  2.400    6.837570267378E-02  7.007834571817E-02  8.774924775003E-02  0.157827593468    
   10  2.700    6.426985485705E-02  6.669192557925E-02  8.654178411693E-02  0.153233709696    
   11  3.000    5.850823898239E-02  6.137472543723E-02  8.213776738721E-02  0.143512492824    
   12  3.300    5.112148331472E-02  5.399171985643E-02  7.425367244454E-02  0.128245392301    
   13  3.600    4.248464324659E-02  4.484476910745E-02  6.333004540525E-02  0.108174814513    
   14  3.900    3.327699455962E-02  3.467505318630E-02  5.043793708124E-02  8.511299026753E-02
   15  4.200    2.435534823851E-02  2.457688035397E-02  3.709291229630E-02  6.166979265027E-02
   16  4.500    1.654540767499E-02  1.575188335506E-02  2.494614746265E-02  4.069803081771E-02
   17  4.800    1.040561317939E-02  9.093083979443E-03  1.531947705179E-02  2.441256103123E-02
   18  5.100    6.077913561421E-03  4.795651255379E-03  8.713747463907E-03  1.350939871929E-02
   19  5.400    3.325391288632E-03  2.378037098904E-03  4.715345532909E-03  7.093382631814E-03
   20  5.700    1.723655744678E-03  1.140647156990E-03  2.491179165421E-03  3.631826322410E-03
   21  6.000    8.561431581450E-04  5.398564903412E-04  1.307694672277E-03  1.847551162618E-03
   22  6.300    4.115478137945E-04  2.550405294309E-04  6.886928363704E-04  9.437333658013E-04
   23  6.600    1.929111599954E-04  1.209965483757E-04  3.655976532774E-04  4.865942016531E-04
   24  6.900    8.862150643665E-05  5.780916756401E-05  1.960001628526E-04  2.538093304166E-04
   25  7.200    3.999702478323E-05  2.784629747369E-05  1.061742264080E-04  1.340205238816E-04
   26  7.500    1.773014527092E-05  1.352736251236E-05  5.810519037622E-05  7.163255288858E-05
   27  7.800    7.693056278209E-06  6.625078874336E-06  3.211139143344E-05  3.873647030778E-05
   28  8.100    3.241335372818E-06  3.270819540751E-06  1.791045269737E-05  2.118127223812E-05
   29  8.400    1.305066623902E-06  1.626120859408E-06  1.007618731096E-05  1.170230817037E-05
   30  8.700    4.853292239290E-07  8.145815736848E-07  5.714819068621E-06  6.529400642306E-06
   31  9.000    1.524148121563E-07  4.101461187300E-07  3.265405771944E-06  3.675551890674E-06
   32  9.300    2.656865417493E-08  2.082064004554E-07  1.879203325360E-06  2.087409725816E-06
   33  9.600   -1.451445417416E-08  1.058587254730E-07  1.088274647043E-06  1.194133372516E-06
   34  9.900   -2.306843626661E-08  5.447168372875E-08  6.343319696941E-07  6.888036534229E-07
   35 10.200   -2.065565720033E-08  2.782972563197E-08  3.716029731736E-07  3.994326988056E-07
   36 10.500   -1.564545747416E-08  1.457782358364E-08  2.190663295209E-07  2.336441531045E-07
   37 10.800   -1.095656833961E-08  7.401746704478E-09  1.295779255149E-07  1.369796722194E-07
   38 11.100   -7.335465234564E-09  4.007409626096E-09  7.718624013451E-08  8.119364976061E-08
   39 11.400   -4.779051651608E-09  1.963064894002E-09  4.600430557156E-08  4.796737046556E-08
   40 11.700   -3.054708859404E-09  1.149802872833E-09  2.768608443046E-08  2.883588730330E-08
   41 12.000   -1.930298000756E-09  4.985787362323E-10  1.658145007744E-08  1.708002881367E-08
   42 12.300   -1.207402528214E-09  3.593134266500E-10  1.009560016705E-08  1.045491359370E-08
   43 12.600   -7.523086862196E-10  1.040942352721E-10  6.047910472809E-09  6.152004708081E-09
   44 12.900   -4.653034869494E-10  1.328980759316E-10  3.741737886473E-09  3.874635962405E-09
   45 13.200   -2.883088052477E-10  8.402758830349E-13  2.222562570321E-09  2.223402846204E-09
   46 13.500   -1.771014247141E-10  6.352131981882E-11  1.412372100002E-09  1.475893419821E-09
   47 13.800   -1.097642274020E-10 -2.295825789000E-11  8.169601961547E-10  7.940019382647E-10
   48 14.100   -6.700076649669E-11  3.913486991857E-11  5.462212324905E-10  5.853561024091E-10
   49 14.400   -4.179077546347E-11 -2.547581945728E-11  2.960447743609E-10  2.705689549036E-10
   50 14.700   -2.525336841916E-11  2.833231414121E-11  2.192899185909E-10  2.476222327321E-10
   51 15.000   -1.600205716549E-11 -2.274006447739E-11  1.022941401564E-10  7.955407567906E-11
   52 15.300   -9.468694135725E-12  2.208622456796E-11  9.357303000140E-11  1.156592545694E-10
   53 15.600   -6.205495020631E-12 -1.910507550447E-11  3.064152719924E-11  1.153645169477E-11
   54 15.900   -3.506586339541E-12  1.768273006800E-11  4.387520534627E-11  6.155793541428E-11
   55 16.200   -2.464117091533E-12 -1.568138225802E-11  4.835466449407E-12 -1.084591580861E-11
   56 16.500   -1.259060813772E-12  1.422961927754E-11  2.329184807338E-11  3.752146735092E-11
   57 16.800   -1.020156872291E-12 -1.268813177307E-11 -3.733339467710E-12 -1.642147124078E-11
   58 17.100   -4.179929333435E-13  1.138108705457E-11  1.405588021181E-11  2.543696726638E-11
   59 17.400   -4.518308539351E-13 -1.011134270494E-11 -5.870986602424E-12 -1.598232930736E-11
   60 17.700   -1.101693865490E-13  8.968050569893E-12  9.358933381564E-12  1.832698395146E-11
   61 18.000   -2.196284724866E-13 -7.886320974059E-12 -5.672157668501E-12 -1.355847864256E-11
   62 18.300   -4.443996245949E-15  6.887115175489E-12  6.555129757017E-12  1.344224493251E-11
   63 18.600   -1.178551206656E-13 -5.946052723049E-12 -4.683628394647E-12 -1.062968111770E-11
   64 18.900    2.508067952701E-14  5.064852245765E-12  4.595322359641E-12  9.660174605407E-12
   65 19.200   -6.756007855036E-14 -4.232153206677E-12 -3.480237032468E-12 -7.712390239145E-12
   66 19.500    2.634357841507E-14  3.444710975433E-12  3.049580922675E-12  6.494291898109E-12
   67 19.800   -3.811062964820E-14 -2.695764368915E-12 -2.265551898245E-12 -4.961316267161E-12
   68 20.100    1.761705592192E-14  1.981170119835E-12  1.731499868299E-12  3.712669988134E-12
   69 20.400   -1.732749696454E-14 -1.296057230587E-12 -1.101892919986E-12 -2.397950150573E-12
   70 20.700    5.954671342024E-15  6.364543971460E-13  5.526031943352E-13  1.189057591481E-12
   71 21.000   -3.155708169177E-24  1.575567078628E-15  1.430071301691E-15  3.005638380319E-15

