 r rp rn tp tn ssp ssn sp sn 
   0.0000000000000000        8.1407246845064882E-002   9.4412968428254029E-002   4.9470881051104608E-002   6.3253986458155595E-002  -2.9742218647175220E-003  -3.7679106150774987E-003   0.0000000000000000        0.0000000000000000     
  0.29999999999999999        8.0937042581156166E-002   9.3473838831901357E-002   5.1811062119590842E-002   6.6387452857352272E-002  -3.2973112389257922E-003  -4.3073614573990648E-003  -3.1594433383745575E-004  -4.0545349807023155E-004
  0.59999999999999998        7.9678928325621484E-002   9.1030458071326398E-002   5.8318066860255965E-002   7.5227178154205682E-002  -4.1862539234366536E-003  -5.5363340840550827E-003  -7.4302155186912577E-004  -9.8288161551534519E-004
  0.89999999999999991        7.7945030209795069E-002   8.8016166043699606E-002   6.7037046436966091E-002   8.7583542230060471E-002  -5.2270600981831946E-003  -5.8822672648975215E-003  -1.3405716330816384E-003  -1.6819821331014557E-003
   1.2000000000000000        7.6139163261051107E-002   8.5618857359254688E-002   7.4850966200440988E-002   9.9639140088657610E-002  -5.6836422333943239E-003  -3.4225759497694842E-003  -2.0427628920110181E-003  -2.0760057638356381E-003
   1.5000000000000000        7.4562474183823557E-002   8.4717819437945485E-002   7.8442520123710294E-002  0.10705372006788631       -4.8496326189528399E-003   2.8639257706665664E-003  -2.6210317661662019E-003  -1.4301415958131451E-003
   1.7999999999999998        7.3229715431366971E-002   8.5366180850236312E-002   7.5985379753378893E-002  0.10721829343947549       -2.6938363763691045E-003   1.1803020057951537E-002  -2.7821679283921794E-003   8.9708151894745400E-004
   2.1000000000000001        7.1788185908345653E-002   8.6684451517678063E-002   6.8133771157469061E-002  0.10055295403835371       -5.8329541302238469E-005   2.0233949425880859E-002  -2.3780869734984756E-003   4.9279036948605519E-003
   2.3999999999999999        6.9615144296274398E-002   8.7255045696047195E-002   5.7269313072088789E-002   8.9491317619766031E-002   1.9486662864434561E-003   2.4910079157676387E-002  -1.5300653093091509E-003   9.8858104287182311E-003
   2.6999999999999997        6.6051372601956079E-002   8.5698104579348691E-002   4.5949957095436818E-002   7.6663579264838827E-002   2.7080772903643772E-003   2.4324921667940685E-002  -5.4766551680868571E-004   1.4533141560132457E-002
   3.0000000000000000        6.0638591165332954E-002   8.1099172374972134E-002   3.5956717090616215E-002   6.3976904557496064E-002   2.3028606189382322E-003   1.9097614099672117E-002   2.5580916600224848E-004   1.7720130759642409E-002
   3.2999999999999998        5.3271856067773543E-002   7.3207021559379082E-002   2.8155719441759892E-002   5.2570459571199733E-002   1.2524798495112163E-003   1.1224942290009039E-002   6.9938920552447203E-004   1.8787792498020737E-002
   3.5999999999999996        4.4265551922735236E-002   6.2459583712012851E-002   2.2683215379069380E-002   4.2989803271706976E-002   1.5526788404497584E-004   3.0792120756779591E-003   7.7001623958387498E-004   1.7699920996146635E-002
   3.8999999999999999        3.4348250226174250E-002   4.9894216214078163E-002   1.9098453714930855E-002   3.5260667625442742E-002  -5.5975837219930484E-004  -3.3628509356979468E-003   5.8300369838461513E-004   1.4953218476542606E-002
   4.2000000000000002        2.4559393336298602E-002   3.6955508537467312E-002   1.6496977390402200E-002   2.8890188697495777E-002  -7.5237189466458411E-004  -6.9813230261926889E-003   3.0579320548923013E-004   1.1358217107669979E-002
   4.5000000000000000        1.5999793026690714E-002   2.5179389526141308E-002   1.3817653350708317E-002   2.3038549588291636E-002  -5.6160085503458219E-004  -7.7095574086272966E-003   7.7049592779484041E-005   7.7663665615679790E-003
   4.7999999999999998        9.4603117947623921E-003   1.5758643475105600E-002   1.0495029504739163E-002   1.7120538646272998E-002  -2.5827373210100568E-004  -6.4186471284947422E-003  -4.4860860768848520E-005   4.8090978980775316E-003
   5.0999999999999996        5.1224118588100590E-003   9.1497578504092306E-003   6.9325195072987809E-003   1.1440026138395027E-002  -4.2740204708634674E-005  -4.3909245420131991E-003  -7.7186405108344849E-005   2.7408579693700501E-003
   5.3999999999999995        2.5945590357456380E-003   5.0312875662413634E-003   3.9866192992666959E-003   6.8480605123408932E-003   4.4325071813394959E-005  -2.6085697261260168E-003  -6.5600633203053652E-005   1.4749248797839038E-003
   5.7000000000000002        1.2610221361930578E-003   2.6827482499687935E-003   2.0645488736519054E-003   3.7713246633448686E-003   5.4769980846777866E-005  -1.4195872492891465E-003  -4.3972892248970825E-005   7.6975731145947739E-004
   6.0000000000000000        6.0069279538561447E-004   1.4135822077241597E-003   1.0037617572732959E-003   1.9798375152901061E-003   4.0457056015900742E-005  -7.4046001103893666E-004  -2.6190527359483029E-005   3.9771015522514509E-004
   6.2999999999999998        2.8440196469547063E-004   7.4483833768694595E-004   4.7310733489622908E-004   1.0185623042222938E-003   2.5009240721419439E-005  -3.8124980534374423E-004  -1.4622195406880103E-005   2.0597929534235123E-004
   6.5999999999999996        1.3490175124610137E-004   3.9494122814504094E-004   2.2049449780331417E-004   5.2214680323094554E-004   1.4220504145523707E-005  -1.9675243431166480E-004  -7.8690929549501205E-006   1.0760897685723999E-004
   6.8999999999999995        6.4366140363009098E-005   2.1133304762471593E-004   1.0272643300529825E-004   2.6904420144667680E-004   7.7390095632585695E-006  -1.0246126939842026E-004  -4.1457640748233170E-006   5.6852092716402573E-005
   7.1999999999999993        3.0947647699975563E-005   1.1423489876055520E-004   4.8110865359130475E-005   1.3991060258825708E-004   4.1098519552115174E-006  -5.3976729973123770E-005  -2.1573566686778430E-006   3.0392908856537972E-005
   7.5000000000000000        1.5003179975588932E-005   6.2382294362929309E-005   2.2710142150416642E-005   7.3548265648152572E-005   2.1519725696495390E-006  -2.8779324953431080E-005  -1.1147542312048801E-006   1.6435244005555013E-005
   7.7999999999999998        7.3335649872500642E-006   3.4403819501605914E-005   1.0815748339237415E-005   3.9097428485260824E-005   1.1176150058736359E-006  -1.5524497035275052E-005  -5.7383791344192717E-007   8.9833239302429894E-006
   8.0999999999999996        3.6131543188246883E-006   1.9151826144478752E-005   5.1979883053165077E-006   2.1012576845722784E-005   5.7775791451558918E-007  -8.4662869672974996E-006  -2.9487934563101526E-007   4.9588173837273640E-006
   8.4000000000000004        1.7935171897723152E-006   1.0755304363408494E-005   2.5203226371077863E-006   1.1411774538897447E-005   2.9797072755646777E-007  -4.6636880282715538E-006  -1.5146814071686841E-007   2.7619842214389242E-006
   8.6999999999999993        8.9652459916354225E-007   6.0896768156715842E-006   1.2323491954634237E-006   6.2591334945436119E-006   1.5353523259124620E-007  -2.5926709507458058E-006  -7.7839515554766428E-008   1.5509970918178033E-006
   9.0000000000000000        4.5107315483474100E-007   3.4744385750202991E-006   6.0736313795631206E-007   3.4649577883836352E-006   7.9116928379303812E-008  -1.4534097084061273E-006  -4.0043726935393244E-008   8.7745354369174280E-007
   9.2999999999999989        2.2832832238145108E-007   1.9964921193113852E-006   3.0155900521586672E-007   1.9348471812758461E-006   4.0798241434458683E-008  -8.2096227797918800E-007  -2.0629782132334426E-008   4.9977118455988765E-007
   9.5999999999999996        1.1622883513842098E-007   1.1548666760906141E-006   1.5075895014651861E-007   1.0892208561465373E-006   2.1062875106952396E-008  -4.6693618755266053E-007  -1.0646197051220659E-008   2.8641474859105001E-007
   9.9000000000000004        5.9475363565795425E-008   6.7217274270255984E-007   7.5852594812384966E-008   6.1784112939813984E-007   1.0890062408165136E-008  -2.6725626462296968E-007  -5.5043898769216876E-009   1.6507055849337922E-007
   10.199999999999999        3.0582411640968596E-008   3.9348872906749514E-007   3.8391801936867928E-008   3.5295220918705162E-007   5.6398752920877142E-009  -1.5385122409317917E-007  -2.8515870655354494E-009   9.5629871792540153E-008
   10.500000000000000        1.5796968266674396E-008   2.3158836084107085E-007   1.9539197259374651E-008   2.0297134696024232E-007   2.9261395729334760E-009  -8.9036955161944997E-008  -1.4803195540084463E-009   5.5666038082411511E-008
   10.799999999999999        8.1942991895183195E-009   1.3698627915485436E-007   9.9956142394296104E-009   1.1744882618275765E-007   1.5210572159593130E-009  -5.1778968211655203E-008  -7.7007050686728070E-010   3.2546430951134386E-008
   11.100000000000000        4.2674276604016615E-009   8.1408080777685667E-008   5.1380139998510055E-009   6.8357458563640620E-008   7.9221691741764440E-010  -3.0247444439894612E-008  -4.0143613574264126E-010   1.9107067887359953E-008
   11.400000000000000        2.2306297437856014E-009   4.8590657919055445E-008   2.6529289990517966E-009   4.0002428202267200E-008   4.1343046795231182E-010  -1.7743241723991763E-008  -2.0970603477405545E-010   1.1260016428175944E-008
   11.699999999999999        1.1700270511684324E-009   2.9121070915611146E-008   1.3755423604095377E-009   2.3528856893283493E-008   2.1618427554709125E-010  -1.0448620696586004E-008  -1.0977568693436214E-010   6.6592956471385765E-009
   12.000000000000000        6.1571540304640518E-010   1.7519220400761136E-008   7.1601908550110036E-010   1.3905615144221637E-008   1.1326776155148777E-010  -6.1752314723897377E-009  -5.7582517728773354E-011   3.9515125587921893E-009
   12.299999999999999        3.2500951317767092E-010   1.0577112158009240E-008   3.7408613462814736E-010   8.2551453745953992E-009   5.9462335859255153E-011  -3.6619666015266554E-009  -3.0265660232597170E-011   2.3520995305463341E-009
   12.600000000000000        1.7205494798493368E-010   6.4071401550489400E-009   1.9611822888642926E-010   4.9213399951976523E-009   3.1276675560737195E-011  -2.1784689324428627E-009  -1.5939273382555555E-011   1.4041883313163654E-009
   12.900000000000000        9.1331917016383615E-011   3.8932589114114656E-009   1.0315127521289354E-010   2.9454612164679673E-009   1.6482736595365120E-011  -1.2998171216549168E-009  -8.4106252965317050E-012   8.4062034241603627E-010
   13.199999999999999        4.8606811405297363E-011   2.3726200219227442E-009   5.4420145123040697E-011   1.7694138101390617E-009   8.7026914889173865E-012  -7.7773729432959523E-010  -4.4464264775066683E-012   5.0456054272489144E-010
   13.500000000000000        2.5931682850880393E-011   1.4498698320753109E-009   2.8793730535310537E-011   1.0666300520139330E-009   4.6033883234474855E-012  -4.6659075427327023E-010  -2.3550392266079498E-012   3.0360230670212211E-010
   13.799999999999999        1.3866525924986940E-011   8.8826275526930019E-010   1.5276361204226632E-011   6.4508291341267822E-010   2.4394099674699014E-012  -2.8062772848202733E-010  -1.2495977164535493E-012   1.8311314667789865E-010
   14.100000000000000        7.4311581787402710E-012   5.4550187245194044E-010   8.1257152610207651E-012   3.9133633885245564E-010   1.2949649806035473E-012  -1.6918436237660479E-010  -6.6421409337526900E-013   1.1068911966499819E-010
   14.399999999999999        3.9907026220335008E-012   3.3575966654277083E-010   4.3327519215818247E-012   2.3808918912291027E-010   6.8862043090621608E-013  -1.0222886866866348E-010  -3.5366532051262871E-013   6.7052162882101539E-011
   14.699999999999999        2.1473443245015826E-012   2.0709855580242019E-010   2.3156446777386297E-012   1.4524868616736707E-010   3.6680303507299180E-013  -6.1904627177884237E-011  -1.8862714331732145E-013   4.0700244550244716E-011
   15.000000000000000        1.1576354157773125E-012   1.2799216626451759E-010   1.2403246906985341E-012   8.8838713063500911E-011   1.9570394380218109E-013  -3.7563403724724643E-011  -1.0076832750866038E-013   2.4752154408110045E-011
   15.299999999999999        6.2520221235566755E-013   7.9248402527553790E-011   6.6574464915902036E-013   5.4469185338264469E-011   1.0458333594902364E-013  -2.2838004939382276E-011  -5.3917880496408757E-014   1.5080523370712129E-011
   15.600000000000000        3.3822874370057035E-013   4.9152019498829551E-011   3.5805203666931860E-013   3.3473907935384595E-011   5.5976334464879438E-014  -1.3911200354345128E-011  -2.8894212837335704E-014   9.2036809707423358E-012
   15.899999999999999        1.8327606086356768E-013   3.0533485963092616E-011   1.9293551158272175E-013   2.0617012640598221E-011   3.0006026798496821E-014  -8.4888410090298261E-012  -1.5507355596813136E-014   5.6259917134143481E-012
   16.199999999999999        9.9464982517458939E-014   1.8994599450617391E-011   1.0415298573583417E-013   1.2725543916139582E-011   1.6108602353614341E-014  -5.1889037294742005E-012  -8.3347229257700862E-015   3.4440751810974763E-012
   16.500000000000000        5.4058781877786056E-014   1.1831127638301200E-011   5.6324394482250037E-014   7.8711808856013019E-012   8.6603619959457036E-015  -3.1769752983106207E-012  -4.4858564392933957E-015   2.1111235751539089E-012
   16.800000000000001        2.9420601597201053E-014   7.3768188983076307E-012   3.0511695061889557E-014   4.8788515499686766E-012   4.6625843303818727E-015  -1.9481916795633904E-012  -2.4175093505316361E-015   1.2954893712537012E-012
   17.099999999999998        1.6031492805553500E-014   4.6029172716378763E-012   1.6556673675290264E-014   3.0306726022857435E-012   2.5137004182021112E-015  -1.1964597197734294E-012  -1.3044148083653593E-015   7.9563386864953777E-013
   17.399999999999999        8.7450567017156502E-015   2.8730519441202561E-012   8.9997100910195598E-015   1.8870153890872687E-012   1.3570004221812143E-015  -7.3583627504796183E-013  -7.0456890366266080E-016   4.8885730602800970E-013
   17.699999999999999        4.7743278057923011E-015   1.7928670853339811E-012   4.9009199395855758E-015   1.1780418061986842E-012   7.3351481296710080E-016  -4.5315473344361311E-013  -3.8088165760197510E-016   3.0032577870094665E-013
   18.000000000000000        2.6076864265954990E-015   1.1175675352193752E-012   2.6743758411508521E-015   7.3777351627287357E-013   3.9699165025215847E-016  -2.7941732322498350E-013  -2.0599141751665373E-016   1.8432102364232780E-013
   18.300000000000001        1.4240116061437926E-015   6.9495438085089150E-013   1.4630667924662140E-015   4.6390985316329003E-013   2.1511706941159244E-016  -1.7248344304449355E-013  -1.1138315744576983E-016   1.1286706841571109E-013
   18.599999999999998        7.7662233270146961E-016   4.3025766432510752E-013   8.0311214999701067E-016   2.9327759958632166E-013   1.1669666357587967E-016  -1.0657264792634068E-013  -6.0147410327450195E-017   6.8818396812996820E-014
   18.899999999999999        4.2219413191986835E-016   2.6438528961719746E-013   4.4302785252508978E-016   1.8679627832529508E-013   6.3369616917239584E-017  -6.5887453265715005E-014  -3.2373931588087175E-017   4.1651874468722206E-014
   19.199999999999999        2.2800561158379952E-016   1.6044659670157971E-013   2.4627233350771595E-016   1.2025055759944522E-013   3.4438220566146032E-017  -4.0731793872713209E-014  -1.7308468042210918E-017   2.4900384012725630E-014
   19.500000000000000        1.2157676623770219E-016   9.5389577767405155E-014   1.3860771486076528E-016   7.8615253897047196E-014   1.8719605989116613E-017  -2.5144150741933916E-014  -9.1351663851893725E-018   1.4585178520104961E-014
   19.800000000000001        6.3286386498707849E-017   5.4804463464843604E-014   7.9621537956548190E-017   5.2558731442557071E-014   1.0162816187074801E-017  -1.5451593257025206E-014  -4.7055582582225705E-018   8.2569311705984863E-015
   20.099999999999998        3.1465644272803906E-017   2.9692002171684390E-014   4.7295775961839387E-017   3.6283864345179477E-014   5.4876601361262445E-018  -9.3846147086337063E-015  -2.3142193884547187E-018   4.4084910870135696E-015
   20.399999999999999        1.4277316163006712E-017   1.4453941699836922E-014   2.9646626890336604E-017   2.6211987932808360E-014   2.9103953214936121E-018  -5.5337106828954781E-015  -1.0381424357020703E-018   2.1151406989573954E-015
   20.699999999999999        5.2949065106626779E-018   5.6474298723307838E-015   2.0611284705070638E-017   2.0313744078210723E-014   1.5622301041299918E-018  -3.1566753207941470E-015  -3.8039040437705964E-019   8.1462868445049145E-016
   21.000000000000000        1.1103522103305483E-018   1.2229514225528937E-015   1.3499713464852706E-017   1.5433701985476685E-014   1.7829134631356024E-019  -7.1312647486556386E-016  -7.8752755579028430E-020   1.7391065520841518E-016
