 r rp rn tp tn ssp ssn sp sn d1p d1n d2p d2n
   0.0000000000000000        8.8292350453268553E-002   9.5673863626694264E-002   4.8953988082074192E-002  0.10341081435352334       -7.8577785367537993E-004   3.4518451235860274E-002   0.0000000000000000        0.0000000000000000        0.0000000000000000        0.0000000000000000       -8.3079553995094813E-002   3.2841186394760007E-003
  0.29999999999999999        8.7072474397540164E-002   9.5716474146213704E-002   5.1278989522665804E-002  0.10409595120252310       -1.0594470612478757E-003   3.2275497188867672E-002  -9.4486638636184303E-005   3.3230971742304232E-003  -7.8698863443835247E-003   2.5645136371203368E-004  -7.5795071563250563E-002   2.1251976540154136E-003
  0.59999999999999998        8.3804858134234855E-002   9.5784998047053885E-002   5.7570313813806555E-002  0.10603521152199992       -1.8365989907346354E-003   2.6163260876063063E-002  -2.8442639688424449E-004   5.8737066523271509E-003  -1.3238366447189747E-002   4.6960620746718104E-005  -5.5809522529613000E-002  -1.7644221191562232E-003
  0.89999999999999991        7.9504126685051260E-002   9.5682324599727350E-002   6.5793216475181021E-002  0.10889528904088211       -2.8554390739232056E-003   1.8612242999436725E-002  -6.3459444321384327E-004   7.2290983459933527E-003  -1.4599588839577744E-002  -8.5460000159608227E-004  -2.9926095793084591E-002  -5.8680194477938336E-003
   1.2000000000000000        7.5403687963240387E-002   9.5231609020115252E-002   7.2980884248392677E-002  0.11175171298379323       -3.5775460256136588E-003   1.2617468200081175E-002  -1.1222228325875193E-003   7.5447500482022411E-003  -1.2107941792913673E-002  -2.1834867745683740E-003  -7.0658681385895976E-003  -8.3388235140576666E-003
   1.5000000000000000        7.2421632852064280E-002   9.4365921936450534E-002   7.6173724644160418E-002  0.11306673088855072       -3.3897966980096115E-003   1.0459489097964804E-002  -1.5940330038495907E-003   7.5201563112057591E-003  -7.6548349604422961E-003  -3.5324960085716039E-003   4.9248957256748903E-003  -8.9563311658604847E-003
   1.7999999999999998        7.0733497924828220E-002   9.3114329129285495E-002   7.3753792448209760E-002  0.11120140352045554       -2.0898499043668999E-003   1.2440066030047728E-002  -1.8141061852861690E-003   8.0477851429476190E-003  -4.0515385332181714E-003  -4.7716585421471542E-003   3.2033219458627122E-003  -9.5614422358517130E-003
   2.1000000000000001        6.9700012235346179E-002   9.1461071103947064E-002   6.6259781628083922E-002  0.10523617824915155       -1.8535781813484734E-004   1.6650597963169176E-002  -1.6177515704464756E-003   9.6959686450707339E-003  -3.5994802023330162E-003  -6.3660938087969155E-003  -8.4907775909462153E-003  -1.2888715656420033E-002
   2.3999999999999999        6.8216261749080992E-002   8.9170773111817245E-002   5.5852727420932273E-002   9.5426718872518870E-002   1.4278263684485723E-003   2.0118968359188336E-002  -1.0449364507864357E-003   1.2358151582740706E-002  -6.9767057280932798E-003  -9.2257335943567321E-003  -2.2791438013259956E-002  -2.0295050209244731E-002
   2.6999999999999997        6.5241872174485308E-002   8.5735411508373424E-002   4.4970152394846662E-002   8.2988448722557687E-002   2.1130323522656489E-003   2.0492250544874156E-002  -3.1996379552561753E-004   1.5304256230955373E-002  -1.3211922070618182E-002  -1.4107380234839184E-002  -3.3446500338349137E-002  -3.0356351271979415E-002
   3.0000000000000000        6.0184518059077048E-002   8.0521693304380595E-002   3.5342513332781586E-002   6.9545289408804292E-002   1.8269068055882416E-003   1.7081201823968870E-002   2.9321173530653065E-004   1.7560254485168854E-002  -2.0502016783606442E-002  -2.0991806865399421E-002  -3.7648137251564906E-002  -3.9432465642243952E-002
   3.2999999999999998        5.3008982169540073E-002   7.3055001489874913E-002   2.7781796359124977E-002   5.6638803400331762E-002   9.7189273904856282E-004   1.0853441365140298E-002   6.2728066207260954E-004   1.8352039852163292E-002  -2.7051693670536267E-002  -2.8847125858354389E-002  -3.5309462330598215E-002  -4.3470051084344437E-002
   3.5999999999999996        4.4160402130502291E-002   6.3297997679267040E-002   2.2385663866980203E-002   4.5390693968074561E-002   6.1959483785327873E-005   3.7172928237988179E-003   6.5986287461738708E-004   1.7392704750521380E-002  -3.1457759679727179E-002  -3.5881775936254155E-002  -2.7414613833867233E-002  -3.9817354983075190E-002
   3.8999999999999999        3.4435041959817801E-002   5.1795499597540762E-002   1.8751311467099949E-002   3.6286355124054141E-002  -5.2980280059188804E-004  -2.3746238134162894E-003   4.8304381199937470E-004   1.4932283662172230E-002  -3.2762607908571703E-002  -4.0134012058895718E-002  -1.5354587987054500E-002  -2.8308320317637761E-002
   4.2000000000000002        2.4840931228316675E-002   3.9620071536222295E-002   1.6102690077601380E-002   2.9098865941187282E-002  -6.8007749132172838E-004  -6.1258023062540252E-003   2.3598854232824545E-004   1.1605360300607366E-002  -3.0551207893124099E-002  -4.0174872066466756E-002  -1.4956526670623395E-003  -1.1559969685385366E-002
   4.5000000000000000        1.6398603422913237E-002   2.8114035757541504E-002   1.3515513511477799E-002   2.3058940699267696E-002  -5.0211260688584559E-004  -7.2364882699710118E-003   3.5349277273734229E-005   8.1692228959293154E-003  -2.5245818435158378E-002  -3.5749674423418532E-002   1.0349223760388633E-002   5.3866523045227634E-003
   4.7999999999999998        9.8532422505124839E-003   1.8475826398553261E-002   1.0422540365541143E-002   1.7403261896547784E-002  -2.2461473658656140E-004  -6.3421882101574907E-003  -6.8862647581094616E-005   5.2360102955623152E-003  -1.8270880047923866E-002  -2.8109133908393077E-002   1.6331574088381838E-002   1.6761909432334552E-002
   5.0999999999999996        5.4184765039543992E-003   1.1340366420495161E-002   7.0640338681162438E-003   1.2046282948933796E-002  -2.4601108302461113E-005  -4.5582691693513509E-003  -9.1601478848327356E-005   3.0995980271943634E-003  -1.1550431532938412E-002  -1.9574920097089540E-002   1.5605077268392034E-002   1.9638235159526354E-002
   5.3999999999999995        2.7750840491718677E-003   6.6235989100666050E-003   4.1777240010056234E-003   7.5530882365745572E-003   5.6243600121215529E-005  -2.8408277648857517E-003  -7.4298426308268267E-005   1.7342543506381806E-003  -6.4721016403068727E-003  -1.2290222093783280E-002   1.1143661299656868E-002   1.6181214084268595E-002
   5.7000000000000002        1.3548913307665767E-003   3.7659281991705828E-003   2.2122960578265772E-003   4.3684900293731108E-003   6.3050374700025416E-005  -1.6154787831920304E-003  -4.8892697499492427E-005   9.4084744341666740E-004  -3.3144204806828540E-003  -7.1814206633345479E-003   6.5587349635942566E-003   1.0865056944631654E-002
   6.0000000000000000        6.4412677011463707E-004   2.1251201655764248E-003   1.0897551107385407E-003   2.4065588499887014E-003   4.5596129312406616E-005  -8.7662659340502253E-004  -2.8733925637815356E-005   5.0532471311369085E-004  -1.6067119398211463E-003  -4.0419937554366115E-003   3.4284235838535171E-003   6.5003569831143760E-003
   6.2999999999999998        3.0273200195482649E-004   1.2056508525780849E-003   5.1587407738958111E-004   1.2991224916379107E-003   2.7807950594929398E-005  -4.6831661770994627E-004  -1.5826019246259555E-005   2.7232342238449136E-004  -7.5808995058935006E-004  -2.2496259287355636E-003   1.6796653724405555E-003   3.6777866587648831E-003
   6.5999999999999996        1.4197240203399101E-004   6.9255765689841913E-004   2.3981807438837912E-004   7.0019020621833272E-004   1.5593819135911869E-005  -2.5064471940602142E-004  -8.3917765724474909E-006   1.4830757437528209E-004  -3.5418779887044013E-004  -1.2575369100633928E-003   7.9758521182844743E-004   2.0394553693465624E-003
   6.8999999999999995        6.6780208243067952E-005   4.0408147319456495E-004   1.1088426750981544E-004   3.8079140616340429E-004   8.3579129767032691E-006  -1.3551419656228182E-004  -4.3510062568776398E-006   8.1876925704622237E-005  -1.6538420615300293E-004  -7.1159562456033117E-004   3.7409238810458370E-004   1.1302937968666194E-003
   7.1999999999999993        3.1588496354153054E-005   2.3969800673647758E-004   5.1351570047778827E-005   2.1009098004095279E-004   4.3662954721062998E-006  -7.4268220881528265E-005  -2.2262359638036438E-006   4.5863810673086024E-005  -7.7537316992272166E-005  -4.0900917463157260E-004   1.7507495945060791E-004   6.3232153454924800E-004
   7.5000000000000000        1.5043898666933014E-005   1.4451789969974386E-004   2.3906713418208875E-005   1.1787626096017393E-004   2.2472128037719124E-006  -4.1300318434798991E-005  -1.1303615351998131E-006   2.6061212430742955E-005  -3.6578890416446400E-005  -2.3905411108832397E-004   8.2183280410307166E-005   3.5876539008397406E-004
   7.7999999999999998        7.2162665970912506E-006   8.8482097613511604E-005   1.1208023127511027E-005   6.7309544102639777E-005   1.1465250377238574E-006  -2.3301343980339210E-005  -5.7151846241119353E-007   1.5011274030835413E-005  -1.7379929893028773E-005  -1.4206173059570771E-004   3.8795307031485025E-005   2.0685208356651568E-004
   8.0999999999999996        3.4863756857805421E-006   5.4949000128803088E-005   5.2952326999793495E-006   3.9110881659070583E-005   5.8205882909379042E-007  -1.3329230069062004E-005  -2.8837941310874149E-007   8.7565428654069111E-006  -8.3189731589200799E-006  -8.5775033536456867E-005   1.8438069599176942E-005   1.2125314718615946E-004
   8.4000000000000004        1.6960601198368421E-006   3.4569040313499027E-005   2.5214136452341474E-006   2.3110616360714153E-005   2.9473063611124324E-007  -7.7241657234353368E-006  -1.4542462664513554E-007   5.1678531234668655E-006  -4.0109949684190625E-006  -5.2565204188355767E-005   8.8260193009738507E-006   7.2238511886118083E-005
   8.6999999999999993        8.3055022101002759E-007   2.2003562030887863E-005   1.2098494159098843E-006   1.3874618783535411E-005   1.4908274014400783E-007  -4.5302035516706732E-006  -7.3359889905652694E-008   3.0826670785572570E-006  -1.9474927396802369E-006  -3.2657356982322828E-005   4.2552349022613301E-006   4.3707602788754059E-005
   9.0000000000000000        4.0924476523575479E-007   1.4153327908270523E-005   5.8479804542991009E-007   8.4540638368565424E-006   7.5407750498947751E-008  -2.6865981804455986E-006  -3.7042246768503240E-008   1.8568527319484117E-006  -9.5188875201176583E-007  -2.0544013336485709E-005   2.0658361058654311E-006   2.6830414667394598E-005
   9.2999999999999989        2.0282671182069417E-007   9.1897860233371940E-006   2.8464088616326705E-007   5.2222290898501252E-006   3.8167063984680232E-008  -1.6096128831356465E-006  -1.8729871639478738E-008   1.1284452739417699E-006  -4.6818265534605213E-007  -1.3070697437812416E-005   1.0095817045527535E-006   1.6691779154843563E-005
   9.5999999999999996        1.0107155356453058E-007   6.0172802644422185E-006   1.3945209973884409E-007   3.2666169737748063E-006   1.9339591403596054E-008  -9.7343989845986241E-007  -9.4861797267582546E-009   6.9131432170585142E-007  -2.3162978699933083E-007  -8.4011021748117442E-006   4.9647935750458357E-007   1.0512146521035583E-005
   9.9000000000000004        5.0622086886021089E-008   3.9696916563861061E-006   6.8740078675299026E-008   2.0668524917211759E-006   9.8135994225812159E-009  -5.9377504176109534E-007  -4.8133297019444897E-009   4.2660122669872729E-007  -1.1522855922856759E-007  -5.4494017601638588E-006   2.4559042332647335E-007   6.6943743551873781E-006
   10.199999999999999        2.5474998955960856E-008   2.6365408019840886E-006   3.4078456366598972E-008   1.3213842218316441E-006   4.9879699226629621E-009  -3.6503557986551584E-007  -2.4470751162436909E-009   2.6496972973896339E-007  -5.7617962698599649E-008  -3.5639213041144554E-006   1.2215518353433731E-007   4.3062213012869066E-006
   10.500000000000000        1.2877088174979464E-008   1.7617166602620405E-006   1.6985261791785326E-008   8.5275891029967055E-007   2.5397702522936199E-009  -2.2601697935003489E-007  -1.2465960962505853E-009   1.6553412614568256E-007  -2.8949645478389968E-008  -2.3480518560851843E-006   6.1073067858713318E-008   2.7952384784972684E-006
   10.799999999999999        6.5362295911562383E-009   1.1835969902617294E-006   8.5081568759680585E-009   5.5501445545449893E-007   1.2956227078360467E-009  -1.4084638393239132E-007  -6.3634974367157521E-010   1.0394306108367692E-007  -1.4611077110862249E-008  -1.5572640767904105E-006   3.0681836157337995E-008   1.8292849988670276E-006
   11.100000000000000        3.3306556897879971E-009   7.9912784451389351E-007   4.2818287362490594E-009   3.6400126163923300E-007   6.6221444850008519E-010  -8.8280836866334481E-008  -3.2550838133927786E-010   6.5558118187885819E-008  -7.4054455006660563E-009  -1.0389760976818062E-006   1.5483641726873862E-008   1.2059385608511920E-006
   11.400000000000000        1.7034166735331853E-009   5.4198095244438842E-007   2.1643334399743162E-009   2.4038002912018941E-007   3.3912959761249797E-010  -5.5619748195299589E-008  -1.6684830761071469E-010   4.1504022288982647E-008  -3.7682199952194238E-009  -6.9692719339852171E-007   7.8469590273578350E-009   8.0025641695036288E-007
   11.699999999999999        8.7418863639283202E-010   3.6910230937781328E-007   1.0985021771990807E-009   1.5973600278613734E-007   1.7401323669373199E-010  -3.5201791585462042E-008  -8.5697194043538659E-011   2.6357013277452885E-008  -1.9245653759147855E-009  -4.6977580331817494E-007   3.9925658678971654E-009   5.3420555463630844E-007
   12.000000000000000        4.5008514678484031E-010   2.5233060540776559E-007   5.5969307188645092E-010   1.0674858526290791E-007   8.9463308912916439E-011  -2.2367001024820148E-008  -4.4104675201631348E-011   1.6778382012123013E-008  -9.8637969268739248E-010  -3.1807373946821832E-007   2.0390138122349008E-009   3.5851880008018951E-007
   12.299999999999999        2.3243882909446195E-010   1.7311796016633987E-007   2.8620051172195641E-010   7.1705743863538682E-008   4.6083540054666621E-011  -1.4259087331444221E-008  -2.2743708960069894E-011   1.0699146159104587E-008  -5.0720321735423824E-010  -2.1624106068681094E-007   1.0449822518672011E-009   2.4177982810002003E-007
   12.600000000000000        1.2038510882083614E-010   1.1917162083818667E-007   1.4684854203152353E-010   4.8393285218525014E-008   2.3783395104620155E-011  -9.1147905020820172E-009  -1.1751144150442456E-011   6.8293182388225814E-009  -2.6161625104299614E-010  -1.4756550040110491E-007   5.3731542350663640E-010   1.6377266112105692E-007
   12.900000000000000        6.2519915156055407E-011   8.2298251293700996E-008   7.5589643078936271E-011   3.2801165369982006E-008   1.2297467031393821E-011  -5.8384158046256942E-009  -6.0830804415999133E-012   4.3601323090903161E-009  -1.3533716967447173E-010  -1.0105375913154558E-007   2.7714008590739925E-010   1.1138070891507100E-007
   13.199999999999999        3.2552339032373871E-011   5.7008735870632155E-008   3.9027411328376452E-011   2.2321570380990051E-008   6.3702479827255162E-012  -3.7449571957515112E-009  -3.1548089450425618E-012   2.7819845845455809E-009  -7.0205273742303934E-011  -6.9429689194825999E-008   1.4336509895903012E-010   7.6029552481115855E-008
   13.500000000000000        1.6990481614861848E-011   3.9608413299467733E-008   2.0207819967897817E-011   1.5246585243089536E-008   3.3058247794495569E-012  -2.4037789880679414E-009  -1.6391163182233098E-012   1.7723360405682268E-009  -3.6513928175448902E-011  -4.7850354522026976E-008   7.4368977581454793E-011   5.2075750191172017E-008
   13.799999999999999        8.8886259635817721E-012   2.7599797985694101E-008   1.0491666292714909E-011   1.0450455586765605E-008   1.7185785805891509E-012  -1.5427861481063094E-009  -8.5312878035560281E-013   1.1262401323761644E-009  -1.9038127824216001E-011  -3.3075864922150596E-008   3.8679423184396542E-011   3.5781942780077749E-008
   14.100000000000000        4.6603520373346463E-012   1.9288024493493596E-008   5.4611339425056766E-012   7.1868004240371599E-009   8.9496872836276863E-013  -9.8927010281448148E-010  -4.4480369984173971E-013   7.1302693708262371E-010  -9.9497421502510655E-012  -2.2928650239196282E-008   2.0167325788151834E-011   2.4659155975240714E-008
   14.399999999999999        2.4485625793338372E-012   1.3518739142581157E-008   2.8495561864305953E-012   4.9581184719368499E-009   4.6685052561793651E-013  -6.3315817967079232E-010  -2.3230155612256099E-013   4.4914543717016156E-010  -5.2115910214461023E-012  -1.5938892520618458E-008   1.0540021771006705E-011   1.7041331451915897E-008
   14.699999999999999        1.2890462817821897E-012   9.5030834156707722E-009   1.4903029859541696E-012   3.4311784860463437E-009   2.4392816547588404E-013  -4.0404475332258108E-010  -1.2151975063944651E-013   2.8104971054133597E-010  -2.7355985051213859E-012  -1.1110602463932206E-008   5.5208796608838143E-012   1.1808055807549461E-008
   15.000000000000000        6.7990759636807642E-013   6.7002824373379513E-009   7.8113429503314583E-013   2.3817789186996230E-009   1.2765646437129220E-013  -2.5675612683352023E-010  -6.3669857023108174E-014   1.7436448544579465E-010  -1.4388443718106610E-012  -7.7664278530858665E-009   2.8980173345997887E-012   8.2026504282173162E-009
   15.299999999999999        3.5926679204554604E-013   4.7385397217038883E-009   4.1028454576232196E-013   1.6584531468298143E-009   6.6911885017452011E-014  -1.6223211055445224E-010  -3.3411380623517998E-014   1.0699743633045038E-010  -7.5825210381799644E-013  -5.4441697179526749E-009   1.5243169055533820E-012   5.7120919061113556E-009
   15.600000000000000        1.9016639995906618E-013   3.3615298619551951E-009   2.1592903930954616E-013   1.1584838864924768E-009   3.5125811276731662E-014  -1.0173903442299224E-010  -1.7559399102876478E-014   6.4744253097730866E-011  -4.0032563084591215E-013  -3.8274556815247984E-009   8.0332233133917353E-013   3.9873028795569411E-009
   15.899999999999999        1.0082428425489422E-013   2.3920737972383475E-009   1.1385842661754627E-013   8.1196776591861706E-010   1.8466960970717739E-014  -6.3181361486695856E-011  -9.2418759867814824E-015   3.8475184496595061E-011  -2.1172749291818804E-013  -2.6990971343710628E-009   4.2413701232344772E-013   2.7899701889512424E-009
   16.199999999999999        5.3539805088144839E-014   1.7073954951028951E-009   6.0146918847221959E-014   5.7117650609816522E-010   9.7228609498907690E-015  -3.8741809956116826E-011  -4.8710785729314684E-015   2.2328957665907568E-011  -1.1216866451152839E-013  -1.9095842668793765E-009   2.2433047782205761E-013   1.9568960419849566E-009
   16.500000000000000        2.8473007583652087E-014   1.2222144706213104E-009   3.1829257206615491E-014   4.0342234346085903E-010   5.1263254418933780E-015  -2.3366291985235053E-011  -2.5708763253862042E-015   1.2550699283030882E-011  -5.9520231395036384E-014  -1.3557284542640726E-009   1.1885091142260883E-013   1.3759994748265126E-009
   16.800000000000001        1.5163378830631153E-014   8.7715860978465222E-010   1.6872608062484286E-014   2.8625367562896700E-010   2.7065486139177515E-015  -1.3788305709111647E-011  -1.3586250415127751E-015   6.7428684160857813E-012  -3.1631986354820417E-014  -9.6613473006633971E-010   6.3069207496485729E-014   9.7009709336537300E-010
   17.099999999999998        8.0857072169156248E-015   6.3080115004306415E-010   8.9591873297178923E-015   2.0420750033405828E-010   1.4308933709777492E-015  -7.8990821463778390E-012  -7.1885626823479720E-016   3.3817904229167865E-012  -1.6835594537548598E-014  -6.9128899889228552E-010   3.3519947002576390E-014   6.8590162070486237E-010
   17.399999999999999        4.3165530316066010E-015   4.5417395871574725E-010   4.7653057798678793E-015   1.4660641860636626E-010   7.5746857561015671E-016  -4.3400813427260643E-012  -3.8076100075816156E-016   1.5053880875477715E-012  -8.9731046150477408E-015  -4.9677415666382203E-010   1.7841553290295630E-014   4.8653463394513849E-010
   17.699999999999999        2.3065415266306149E-015   3.2697765808229762E-010   2.5391171897018688E-015   1.0605930614019856E-010   4.0148701591024065E-016  -2.2389000901601492E-012  -2.0185645833647323E-016   5.1146413870461013E-013  -4.7889618032269508E-015  -3.5861461584046673E-010   9.5099756821231844E-015   3.4641510624371350E-010
   18.000000000000000        1.2332299225229371E-015   2.3495763808827907E-010   1.3555929687928969E-015   7.7437760803909119E-011   2.1306407917446151E-016  -1.0379137637807936E-012  -1.0706971069853735E-016   2.7470184842653444E-014  -2.5591453490680151E-015  -2.6007305963719020E-010   5.0759730450064432E-015   2.4775978558971743E-010
   18.300000000000001        6.5938483586333213E-016   1.6808320204899846E-010   7.2544594476415359E-016   5.7175346078738507E-011   1.1320356356451274E-016  -3.8301098599429235E-013  -5.6790306730861629E-017  -1.7345926518303693E-013  -1.3692090653498862E-015  -1.8944088119228284E-010   2.7128776955771962E-015   1.7818067609324301E-010
   18.599999999999998        3.5222276211319007E-016   1.1928132514323856E-010   3.8944342046260687E-016   4.2786543343557496E-011   6.0213433629414544E-017  -5.1335720005388096E-014  -3.0090357220744740E-017  -2.2652152000548770E-013  -7.3336847665923718E-016  -1.3851035884236667E-010   1.4517560127036280E-015   1.2903154393811932E-010
   18.899999999999999        1.8763687861222749E-016   8.3554326814191513E-011   2.1002231367652800E-016   3.2535700318648710E-011   3.2060153013765904E-017   9.5618381789710497E-014  -1.5898186584749766E-017  -2.0987621876980301E-013  -3.9317552479220983E-016  -1.0151571318927304E-010   7.7785765701795127E-016   9.4267274053962372E-011
   19.199999999999999        9.9372780487353256E-017   5.7363928042343306E-011   1.1407408814845636E-016   2.5208677452123415E-011   1.7083961993160588E-017   1.4242377807761864E-013  -8.3489908100165904E-018  -1.6674260151162167E-013  -2.1093264401962953E-016  -7.4397396106169917E-011   4.1731822573364564E-016   6.9655334005012730E-011
   19.500000000000000        5.2016872108592581E-017   3.8200592723219352E-011   6.2689867823549033E-017   1.9955000846872429E-011   9.1065458517356797E-018   1.3940711372523569E-013  -4.3323783268792418E-018  -1.1940693692070560E-013  -1.1317257657254023E-016  -5.4289676874761328E-011   2.2423270809277735E-016   5.2229631830914380E-011
   19.800000000000001        2.6620228554777027E-017   2.4282078397672925E-011   3.5135972775438748E-017   1.6178503478289783E-011   4.8495211313681992E-018   1.1536131450838804E-013  -2.1970258869148502E-018  -7.8021341858993489E-014  -6.0639593515418340E-017  -3.9162775719439475E-011   1.2077468375119841E-016   3.9911715920742852E-011
   20.099999999999998        1.3037738812762307E-017   1.4342366405969187E-011   2.0353451023041918E-017   1.3460741622373796E-011   2.5702785106034074E-018   8.5727156703477238E-014  -1.0656796484166191E-018  -4.6060466130348018E-014  -3.2320374445489462E-017  -2.7572111143241534E-011   6.5399074677590755E-017   3.1248158722015214E-011
   20.399999999999999        5.8422507762170263E-018   7.4841100943240681E-012   1.2446921771910032E-017   1.1517530125776342E-011   1.3398735421976421E-018   5.7837523467814252E-014  -4.7259595957379564E-019  -2.3642964458591738E-014  -1.6932772188956717E-017  -1.8481225949468009E-011   3.5942659759073141E-017   2.5233015100114608E-011
   20.699999999999999        2.1463978838746175E-018   3.0764464120979953E-012   8.4841398674530992E-018   1.0126159483873824E-011   7.1215215780042894E-019   3.5032528420197644E-014  -1.7167753978573876E-019  -9.4969532996864720E-015  -8.9912829538289387E-018  -1.1328297049226430E-011   2.0618344743723308E-017   2.1224101302345372E-011
   21.000000000000000        4.4748100391966327E-019   6.8713186478821097E-013   5.4016996326188278E-018   8.9056786536206726E-012   6.7905350132806889E-020   1.1547336749034569E-014  -3.5352343746538899E-020  -2.0728993891000240E-015  -1.0497937187011608E-018  -4.1753681489848510E-012   1.3858987468233228E-017   1.9162601960570460E-011
