nprot,nneut=  20  30
rms_c,rms_p,rms_n,rms_tot=   3.5258       3.4572       3.6849       3.5956    
densities with m. correction:
  i      r          rho-coul        rho-prot       rho-neut       rho-mass
    1  0.000    8.399711169807E-02  9.001215545679E-02  9.557006275944E-02  0.185582218216    
    2  0.300    8.321374896448E-02  8.863951865552E-02  9.565431800359E-02  0.184293836659    
    3  0.600    8.109987466887E-02  8.495856656608E-02  9.580793329235E-02  0.180766499858    
    4  0.900    7.826165979399E-02  8.011878560891E-02  9.579501762409E-02  0.175913803233    
    5  1.200    7.540765233519E-02  7.553681892813E-02  9.539740827273E-02  0.170934227201    
    6  1.500    7.302637771034E-02  7.229725432908E-02  9.454109671285E-02  0.166838351042    
    7  1.800    7.115692999459E-02  7.064112211919E-02  9.329288949662E-02  0.163934011616    
    8  2.100    6.936889853989E-02  6.985001901363E-02  9.169768194741E-02  0.161547700961    
    9  2.400    6.695915782974E-02  6.866053819532E-02  8.955230426278E-02  0.158212842458    
   10  2.700    6.325173554217E-02  6.590218336338E-02  8.632074144835E-02  0.152222924812    
   11  3.000    5.785068057717E-02  6.092889918925E-02  8.129460132244E-02  0.142223500512    
   12  3.300    5.076037513048E-02  5.370793288259E-02  7.391556144428E-02  0.127623494327    
   13  3.600    4.237625555456E-02  4.470530873370E-02  6.409138948554E-02  0.108796698219    
   14  3.900    3.338962929406E-02  3.474240502674E-02  5.236234000066E-02  8.710474502740E-02
   15  4.200    2.463824080978E-02  2.487058083363E-02  3.985143133567E-02  6.472201216931E-02
   16  4.500    1.691527762231E-02  1.618665109917E-02  2.800106584554E-02  4.418771694471E-02
   17  4.800    1.076799439364E-02  9.520102891394E-03  1.813119762646E-02  2.765130051785E-02
   18  5.100    6.365002904412E-03  5.106482787392E-03  1.094403532133E-02  1.605051810872E-02
   19  5.400    3.515816245674E-03  2.558771714786E-03  6.305685469719E-03  8.864457184506E-03
   20  5.700    1.831597718563E-03  1.230693179882E-03  3.557221791490E-03  4.787914971372E-03
   21  6.000    9.084953570990E-04  5.801853816249E-04  2.001915072786E-03  2.582100454411E-03
   22  6.300    4.323351521096E-04  2.716437944103E-04  1.136366115200E-03  1.408009909610E-03
   23  6.600    1.982587819288E-04  1.272627931827E-04  6.542192986574E-04  7.814820918401E-04
   24  6.900    8.759334856425E-05  5.988871394583E-05  3.828319786226E-04  4.427206925685E-04
   25  7.200    3.701956214033E-05  2.836443566144E-05  2.278006806294E-04  2.561651162908E-04
   26  7.500    1.466957445077E-05  1.352952002254E-05  1.377571765049E-04  1.512866965275E-04
   27  7.800    5.174555377731E-06  6.501164852039E-06  8.457899078262E-05  9.108015563466E-05
   28  8.100    1.361190202109E-06  3.146118156187E-06  5.265691768774E-05  5.580303584392E-05
   29  8.400   -2.754696624051E-08  1.533135190044E-06  3.320195777121E-05  3.473509296126E-05
   30  8.700   -4.314389255614E-07  7.518974524226E-07  2.117491117686E-05  2.192680862928E-05
   31  9.000   -4.673219124031E-07  3.710489932815E-07  1.364429052907E-05  1.401533952235E-05
   32  9.300   -3.882220369455E-07  1.841451249266E-07  8.872520270119E-06  9.056665395045E-06
   33  9.600   -2.906927439815E-07  9.187067837316E-08  5.817441926693E-06  5.909312605066E-06
   34  9.900   -2.065866282761E-07  4.608153395982E-08  3.842174526977E-06  3.888256060937E-06
   35 10.200   -1.425996545305E-07  2.319823447236E-08  2.554559626079E-06  2.577757860551E-06
   36 10.500   -9.679079487130E-08  1.175692709486E-08  1.708372191885E-06  1.720129118979E-06
   37 10.800   -6.506924618053E-08  5.953785019381E-09  1.148739118100E-06  1.154692903120E-06
   38 11.100   -4.352369228372E-08  3.055965640739E-09  7.760739590683E-07  7.791299247090E-07
   39 11.400   -2.904985154179E-08  1.545250712226E-09  5.267257689790E-07  5.282710196912E-07
   40 11.700   -1.938653909003E-08  8.118149586985E-10  3.588719304762E-07  3.596837454349E-07
   41 12.000   -1.295183621608E-08  4.010054857318E-10  2.454976768910E-07  2.458986823767E-07
   42 12.300   -8.670421006944E-09  2.234851805131E-10  1.684782971326E-07  1.687017823131E-07
   43 12.600   -5.818652450316E-09  1.006079475042E-10  1.160533674354E-07  1.161539753829E-07
   44 12.900   -3.916226619318E-09  6.645357544702E-11  8.015526825233E-08  8.022172182778E-08
   45 13.200   -2.643574118115E-09  2.145999083180E-11  5.556407813294E-08  5.558553812378E-08
   46 13.500   -1.790170370031E-09  2.339086304305E-11  3.860275868967E-08  3.862614955271E-08
   47 13.800   -1.215864467806E-09  9.882868270567E-13  2.692235616499E-08  2.692334445182E-08
   48 14.100   -8.284160717633E-10  1.089415593501E-11  1.880921865989E-08  1.882011281582E-08
   49 14.400   -5.660023783541E-10 -3.822045539779E-12  1.319805197278E-08  1.319422992724E-08
   50 14.700   -3.878939905483E-10  6.759373622503E-12  9.271908690644E-09  9.278668064267E-09
   51 15.000   -2.665004154234E-10 -4.479385190263E-12  6.547436069696E-09  6.542956684506E-09
   52 15.300   -1.836407381302E-10  4.999446541599E-12  4.625296927315E-09  4.630296373856E-09
   53 15.600   -1.268268427385E-10 -4.086159512832E-12  3.288395526058E-09  3.284309366545E-09
   54 15.900   -8.785080788148E-11  3.974403794090E-12  2.335700671951E-09  2.339675075745E-09
   55 16.200   -6.097513688875E-11 -3.477697390053E-12  1.672391567759E-09  1.668913870369E-09
   56 16.500   -4.245609027397E-11  3.222321794068E-12  1.193614228563E-09  1.196836550357E-09
   57 16.800   -2.961754020806E-11 -2.872675674102E-12  8.604770816868E-10  8.576044060127E-10
   58 17.100   -2.073758598890E-11  2.604500192217E-12  6.159525521966E-10  6.185570523888E-10
   59 17.400   -1.454898839726E-11 -2.321539594652E-12  4.463033375031E-10  4.439817979084E-10
   60 17.700   -1.025503361152E-11  2.072651397447E-12  3.190503646608E-10  3.211230160583E-10
   61 18.000   -7.246406358320E-12 -1.829429235881E-12  2.313010381612E-10  2.294716089253E-10
   62 18.300   -5.153126229428E-12  1.604891767519E-12  1.637132720450E-10  1.653181638125E-10
   63 18.600   -3.677492454728E-12 -1.390067944000E-12  1.176059346845E-10  1.162158667405E-10
   64 18.900   -2.646920980484E-12  1.187887378606E-12  8.106615172998E-11  8.225403910859E-11
   65 19.200   -1.912858484488E-12 -9.950539754514E-13  5.658035411438E-11  5.558530013893E-11
   66 19.500   -1.392549420439E-12  8.117141701186E-13  3.675051844400E-11  3.756223261412E-11
   67 19.800   -1.008042689433E-12 -6.363056886770E-13  2.385204840709E-11  2.321574271841E-11
   68 20.100   -7.137483435539E-13  4.682591210276E-13  1.350945182429E-11  1.397771094532E-11
   69 20.400   -4.652357343744E-13 -3.065946327147E-13  7.107272761937E-12  6.800678129222E-12
   70 20.700   -2.300755184488E-13  1.506129911454E-13  2.735314475233E-12  2.885927466378E-12
   71 21.000   -4.621730778399E-25  4.420131494337E-16 -6.003750563031E-17  3.819756438034E-16

