nprot,nneut=  20  34
rms_c,rms_p,rms_n,rms_tot=   3.5674       3.5020       3.8641       3.7341    
densities with m. correction:
  i      r          rho-coul        rho-prot       rho-neut       rho-mass
    1  0.000    8.733056703573E-02  0.103420917326      8.058650671094E-02  0.184007424036    
    2  0.300    8.594668596553E-02  0.100356443152      8.349564529831E-02  0.183852088450    
    3  0.600    8.227322023594E-02  9.232500037617E-02  9.109621041867E-02  0.183421210795    
    4  0.900    7.750654792288E-02  8.222970961693E-02  0.100415611137      0.182645320754    
    5  1.200    7.299100546440E-02  7.326242399432E-02  0.107875836858      0.181138260852    
    6  1.500    6.963333530926E-02  6.750229246714E-02  0.110873422007      0.178375714474    
    7  1.800    6.757362894696E-02  6.530643752721E-02  0.108769543151      0.174075980678    
    8  2.100    6.621336506902E-02  6.545474134551E-02  0.102820077724      0.168274819069    
    9  2.400    6.454013215056E-02  6.583076402510E-02  9.517573517224E-02  0.161006499197    
   10  2.700    6.158321022011E-02  6.443827233253E-02  8.755376420632E-02  0.151992036539    
   11  3.000    5.678756740579E-02  6.024428430986E-02  8.043229056898E-02  0.140676574879    
   12  3.300    5.015527989852E-02  5.334162042621E-02  7.320815902370E-02  0.126549779450    
   13  3.600    4.215680522313E-02  4.453701631107E-02  6.497819683492E-02  0.109515213146    
   14  3.900    3.353182974462E-02  3.487043497337E-02  5.528984571877E-02  9.016028069214E-02
   15  4.200    2.509251676748E-02  2.536752951157E-02  4.446131516991E-02  6.982884468148E-02
   16  4.500    1.756350915868E-02  1.695109744687E-02  3.345518395460E-02  5.040628140147E-02
   17  4.800    1.144900129705E-02  1.031490951566E-02  2.347265179749E-02  3.378756131315E-02
   18  5.100    6.942282494918E-03  5.724788636603E-03  1.545277938044E-02  2.117756801704E-02
   19  5.400    3.926694438315E-03  2.942347839942E-03  9.707809585067E-03  1.265015742501E-02
   20  5.700    2.083636420360E-03  1.432942880912E-03  5.946165062730E-03  7.379107943642E-03
   21  6.000    1.043761650528E-03  6.755906809569E-04  3.616382932640E-03  4.291973613597E-03
   22  6.300    4.956273500852E-04  3.132269557572E-04  2.209790210477E-03  2.523017166234E-03
   23  6.600    2.228936003184E-04  1.442504456649E-04  1.365024060150E-03  1.509274505815E-03
   24  6.900    9.394256971708E-05  6.638042970979E-05  8.545079741970E-04  9.208884039068E-04
   25  7.200    3.594266656040E-05  3.062829451671E-05  5.423234117254E-04  5.729517062421E-04
   26  7.500    1.131457806477E-05  1.419473678278E-05  3.487370600294E-04  3.629317968122E-04
   27  7.800    1.683782632862E-06  6.614765219378E-06  2.269759697292E-04  2.335907349486E-04
   28  8.100   -1.543723330797E-06  3.099875154714E-06  1.493439629959E-04  1.524438381507E-04
   29  8.400   -2.224698709757E-06  1.461600757033E-06  9.922561559719E-05  1.006872163542E-04
   30  8.700   -2.012774323788E-06  6.928044847452E-07  6.650025714265E-05  6.719306162740E-05
   31  9.000   -1.574405530005E-06  3.304755736622E-07  4.491426019310E-05  4.524473576677E-05
   32  9.300   -1.151421843781E-06  1.582613652355E-07  3.054523860390E-05  3.070349996913E-05
   33  9.600   -8.126099601219E-07  7.635098780420E-08  2.090279431445E-05  2.097914530226E-05
   34  9.900   -5.622944348011E-07  3.685721829160E-08  1.438440280606E-05  1.442126002435E-05
   35 10.200   -3.849341753286E-07  1.800111488962E-08  9.949364330341E-06  9.967365445230E-06
   36 10.500   -2.621424088863E-07  8.717960041018E-09  6.913574477743E-06  6.922292437784E-06
   37 10.800   -1.782051165094E-07  4.333903430107E-09  4.824691760291E-06  4.829025663721E-06
   38 11.100   -1.212050358297E-07  2.079610748256E-09  3.380046432120E-06  3.382126042868E-06
   39 11.400   -8.259606094979E-08  1.072551538918E-09  2.376679905077E-06  2.377752456615E-06
   40 11.700   -5.644839063168E-08  4.912504331931E-10  1.676710617910E-06  1.677201868343E-06
   41 12.000   -3.870994558208E-08  2.792718161998E-10  1.186698623047E-06  1.186977894864E-06
   42 12.300   -2.664595104170E-08  1.082013106513E-10  8.422876503135E-07  8.423958516242E-07
   43 12.600   -1.841230609552E-08  8.147124389191E-11  5.995446206086E-07  5.996260918525E-07
   44 12.900   -1.277328857826E-08  1.653477538757E-11  4.278025488107E-07  4.278190835861E-07
   45 13.200   -8.894920768462E-09  2.990446974431E-11  3.060458467256E-07  3.060757511953E-07
   46 13.500   -6.217923527719E-09 -4.188488989047E-12  2.193918411358E-07  2.193876526468E-07
   47 13.800   -4.361883602356E-09  1.507413158594E-11  1.576455842981E-07  1.576606584297E-07
   48 14.100   -3.070910879396E-09 -7.750761210350E-12  1.134624599145E-07  1.134547091533E-07
   49 14.400   -2.168832307847E-09  9.844953092955E-12  8.184196546365E-08  8.185181041674E-08
   50 14.700   -1.536914700548E-09 -7.352266483470E-12  5.910053572627E-08  5.909318345979E-08
   51 15.000   -1.092096944825E-09  7.345126507563E-12  4.276619703966E-08  4.277354216617E-08
   52 15.300   -7.785098507075E-10 -6.210172523186E-12  3.096092572164E-08  3.095471554912E-08
   53 15.600   -5.562397636335E-10  5.767623747416E-12  2.245778797088E-08  2.246355559462E-08
   54 15.900   -3.986780598225E-10 -5.074155405855E-12  1.628223741185E-08  1.627716325644E-08
   55 16.200   -2.862619900213E-10  4.598210331479E-12  1.182592038190E-08  1.183051859223E-08
   56 16.500   -2.062067258811E-10 -4.088877951504E-12  8.572989270878E-09  8.568900392927E-09
   57 16.800   -1.487227242904E-10  3.664946607485E-12  6.224266525061E-09  6.227931471669E-09
   58 17.100   -1.076413886634E-10 -3.257065833064E-12  4.500421995795E-09  4.497164929962E-09
   59 17.400   -7.795330503079E-11  2.893571215899E-12  3.257095499957E-09  3.259989071173E-09
   60 17.700   -5.668791569703E-11 -2.553538796932E-12  2.339110509999E-09  2.336556971203E-09
   61 18.000   -4.121910257393E-11  2.242195040927E-12  1.679272722609E-09  1.681514917650E-09
   62 18.300   -3.012952131773E-11 -1.951969497733E-12  1.189049613052E-09  1.187097643554E-09
   63 18.600   -2.200613750963E-11  1.682471618233E-12  8.390957105345E-10  8.407781821527E-10
   64 18.900   -1.618112337821E-11 -1.430101102635E-12  5.777439888655E-10  5.763138877629E-10
   65 19.200   -1.187047486557E-11  1.193325479410E-12  3.934930703808E-10  3.946863958602E-10
   66 19.500   -8.751965542331E-12 -9.699138845658E-13  2.559754839743E-10  2.550055700898E-10
   67 19.800   -6.365987409099E-12  7.582841574820E-13  1.612691086472E-10  1.620273928047E-10
   68 20.100   -4.520383956006E-12 -5.567983334275E-13  9.226422675097E-11  9.170742841755E-11
   69 20.400   -2.929323976193E-12  3.640493765176E-13  4.690014454585E-11  4.726419392237E-11
   70 20.700   -1.436119564797E-12 -1.787125724564E-13  1.852240529675E-11  1.834369272429E-11
   71 21.000    7.336277401672E-25 -4.358640643880E-16 -4.600463227170E-16 -8.959103871050E-16

