 r rp rn tp tn ssp ssn sp sn 
   0.0000000000000000        9.9761143030510091E-002   8.4058367526619382E-002   4.6463752070705466E-002  0.16099641299347245        7.0984630810239980E-004  -9.5596869956782928E-003   0.0000000000000000        0.0000000000000000     
  0.29999999999999999        9.7103575130808278E-002   8.6570908317861336E-002   4.9117032659028594E-002  0.15809256045385703        4.8179601574876757E-004  -8.2928341059012953E-003   5.7784471272123622E-005  -8.8153038760642813E-004
  0.59999999999999998        9.0069990478074138E-002   9.3154060132986577E-002   5.5706337388888881E-002  0.14999751110351897       -1.5673760016637385E-004  -4.6507213864753162E-003   3.6367985315547908E-005  -1.3164309034444310E-003
  0.89999999999999991        8.1168518693512534E-002  0.10116854447096184        6.3351420710901024E-002  0.13915827577493495       -9.7593355713635377E-004   6.6359838584063987E-004  -1.1447893491233654E-004  -9.5244336125863290E-004
   1.2000000000000000        7.3163349702542568E-002  0.10749858151792879        6.9172099505446130E-002  0.12885027609864882       -1.5974630969651804E-003   6.7082936186337186E-003  -3.7743606509016089E-004   3.7812236076032856E-004
   1.5000000000000000        6.7899099407274247E-002  0.10987323522150208        7.1316502020050784E-002  0.12142062778802995       -1.6535317145141453E-003   1.2644064221409953E-002  -6.5511860558136598E-004   2.6663946469362835E-003
   1.7999999999999998        6.5709083095096391E-002  0.10771462965604570        6.8978557218064451E-002  0.11681169425978269       -1.0080554793042949E-003   1.7712079472989879E-002  -8.0249862150300446E-004   5.7531502995954902E-003
   2.1000000000000001        6.5512772459859328E-002  0.10207777052869729        6.2419113283760777E-002  0.11265240064855819        8.2683941445297433E-005   2.1121878524143448E-002  -7.0683452075471999E-004   9.3278432576409977E-003
   2.3999999999999999        6.5443267120537149E-002   9.4786997524845595E-002   5.3102055793686091E-002  0.10595494124005717        1.0669207735523607E-003   2.2104143085447340E-002  -3.7215814699354888E-004   1.2918826342016458E-002
   2.6999999999999997        6.3740806387326557E-002   8.7316675373411770E-002   4.3149419752622466E-002   9.5122319678647455E-002   1.4649925918382351E-003   2.0188978886417901E-002   6.6510358703597029E-005   1.5934217182728198E-002
   3.0000000000000000        5.9465699424784337E-002   8.0115217592288110E-002   3.4269962325071082E-002   8.0781594658714775E-002   1.1914056383887576E-003   1.5547412530807374E-002   4.2687118839438787E-004   1.7785705618732054E-002
   3.2999999999999998        5.2661903067863010E-002   7.2715191396806059E-002   2.7211612678658986E-002   6.5120326965523709E-002   5.3047810741811523E-004   9.1473798176895105E-003   5.8878778827405412E-004   1.8073799300869872E-002
   3.5999999999999996        4.4046552695626483E-002   6.4376537925807706E-002   2.1987116274675266E-002   5.0547850831846375E-002  -1.3216194095843297E-004   2.5126842181379559E-003   5.4149184351711213E-004   1.6750491661200243E-002
   3.8999999999999999        3.4602706779491697E-002   5.4736310473868371E-002   1.8253954207827053E-002   3.8620663286337807E-002  -5.3305411005387837E-004  -2.8500799616275954E-003   3.5838231466902204E-004   1.4155682107962099E-002
   4.2000000000000002        2.5327867745882457E-002   4.4107602036534362E-002   1.5467126679259886E-002   2.9665435630025539E-002  -6.0110510931884673E-004  -6.0085191006584854E-003   1.4239407403871345E-004   1.0896088212573703E-002
   4.5000000000000000        1.7109009587633676E-002   3.3378321581666044E-002   1.2958481440524994E-002   2.3020945174231654E-002  -4.2756867967988721E-004  -6.8522120333459925E-003  -2.3370682739440973E-005   7.6324265422623013E-003
   4.7999999999999998        1.0588379724561777E-002   2.3642418204104607E-002   1.0209221053424119E-002   1.7653084325103610E-002  -1.8172276285874267E-004  -5.9828526653178723E-003  -1.0444961527923586E-004   4.8741242623844662E-003
   5.0999999999999996        6.0047253888233613E-003   1.5750614156101888E-002   7.2241061856692683E-003   1.2880274393626294E-002  -1.4657769157071021E-006  -4.3385629619218701E-003  -1.1451304541008438E-004   2.8598162941134478E-003
   5.3999999999999995        3.1537983542187179E-003   1.0004455857509805E-002   4.5003240745393460E-003   8.7114010516422171E-003   7.3088938632810300E-005  -2.7282991498333809E-003  -8.9217303953814263E-005   1.5646622161039113E-003
   5.7000000000000002        1.5627769819709940E-003   6.1734453230253301E-003   2.4951435785089005E-003   5.4691842744246559E-003   7.6469763844471143E-005  -1.5474440516099171E-003  -5.7900871112582910E-005   8.1294454427321820E-004
   6.0000000000000000        7.4539759830115186E-004   3.7674059251355577E-003   1.2680869032102701E-003   3.2582438024697825E-003   5.4788147288625169E-005  -8.2178345747637663E-004  -3.3628805249093524E-005   4.0724349120134506E-004
   6.2999999999999998        3.4792664914744796E-004   2.3031942531889448E-003   6.0960678236518702E-004   1.8908730031290566E-003   3.3134390305779265E-005  -4.2043980280589928E-004  -1.8234148070413947E-005   1.9814239977057634E-004
   6.5999999999999996        1.6076785755056463E-004   1.4210912033460307E-003   2.8399316325192583E-004   1.0908227571568873E-003   1.8312303613145001E-005  -2.1057412527383289E-004  -9.4754161544253188E-006   9.3357696439345505E-005
   6.8999999999999995        7.4074205108726345E-005   8.8794835335987126E-004   1.3026941203219913E-004   6.3341849977626092E-004   9.6186965311548530E-006  -1.0375583119598484E-004  -4.7965898222299674E-006   4.1889933159117122E-005
   7.1999999999999993        3.4177643993234419E-005   5.6238505010820100E-004   5.9412827314710160E-005   3.7268529727058427E-004   4.9042502558835700E-006  -5.0102272400821100E-005  -2.3894498939530908E-006   1.7135369047482679E-005
   7.5000000000000000        1.5829187398475810E-005   3.6091559173065982E-004   2.7095635304452357E-005   2.2282127669718356E-004   2.4564977453677536E-006  -2.3404138264541538E-005  -1.1788627045987677E-006   5.5960075420369102E-006
   7.7999999999999998        7.3681316514017261E-006   2.3447335516323141E-004   1.2396646989553115E-005   1.3546981767668362E-004   1.2174049828179815E-006  -1.0278611752335684E-005  -5.7835002850965394E-007   5.0984119314239090E-007
   8.0999999999999996        3.4489586074257194E-006   1.5402767971253934E-004   5.6997484474481786E-006   8.3714307275002743E-005   5.9955977106598230E-007  -3.9582391116257445E-006  -2.8289097842120096E-007  -1.4872246829002221E-006
   8.4000000000000004        1.6237912487649892E-006   1.0219240110062433E-004   2.6359232467248051E-006   5.2526023203880046E-005   2.9425209891855537E-007  -1.0282234600542386E-006  -1.3819558745543060E-007  -2.0568638037821814E-006
   8.6999999999999993        7.6889360243954407E-007   6.8404526461495374E-005   1.2265619377035823E-006   3.3420063226449197E-005   1.4417349231376121E-007   2.3373140974498177E-007  -6.7500999488028686E-008  -2.0099491274182992E-006
   9.0000000000000000        3.6612034014604739E-007   4.6150789231455631E-005   5.7431255511009371E-007   2.1533497199057647E-005   7.0607922866070821E-008   6.9433644836983824E-007  -3.2991113827157961E-008  -1.7333760243345524E-006
   9.2999999999999989        1.7526771468526956E-007   3.1357097980368520E-005   2.7055529904579955E-007   1.4032472169843428E-005   3.4591943921711489E-008   7.8676686044565695E-007  -1.6142657852583883E-008  -1.4041616968162685E-006
   9.5999999999999996        8.4330731280463481E-008   2.1440717950047420E-005   1.2820871120975957E-007   9.2373500165187728E-006   1.6962401326525188E-008   7.2434727851627259E-007  -7.9102677514534138E-009  -1.0968763925649942E-006
   9.9000000000000004        4.0771505957592446E-008   1.4744106490279304E-005   6.1096463063502462E-008   6.1360412350274252E-006   8.3281936059116223E-009   6.0922654473030521E-007  -3.8827705638443726E-009  -8.3740569743363030E-007
   10.199999999999999        1.9801434742231770E-008   1.0191565898509796E-005   2.9270202211119291E-008   4.1090879808662794E-006   4.0951781193828246E-009   4.8781572329637871E-007  -1.9093611063225993E-009  -6.2963552635577288E-007
   10.500000000000000        9.6581003436461983E-009   7.0779460854355230E-006   1.4093497431262086E-008   2.7717863532139311E-006   2.0170835691429017E-009   3.7907272627001209E-007  -9.4073481016055993E-010  -4.6847265357787219E-007
   10.799999999999999        4.7297014976641329E-009   4.9368012073590536E-006   6.8182060612951072E-009   1.8820007397326244E-006   9.9528818081506959E-010   2.8887132195049092E-007  -4.6440726210644169E-010  -3.4599725242526092E-007
   11.100000000000000        2.3249894230226716E-009   3.4570628345202730E-006   3.3132919948933443E-009   1.2854541560001325E-006   4.9201016916439266E-010   2.1722187942086332E-007  -2.2971595742536648E-010  -2.5419971158640451E-007
   11.400000000000000        1.1469867750226329E-009   2.4297544166816886E-006   1.6168655322033459E-009   8.8275109046919164E-007   2.4367610132563885E-010   1.6182443511754294E-007  -1.1385257677959638E-010  -1.8605358439597216E-007
   11.699999999999999        5.6775056093430944E-010   1.7135503275270234E-006   7.9214743699946309E-010   6.0920697908453732E-007   1.2091200455097916E-010   1.1975140660888862E-007  -5.6538881894604673E-011  -1.3580837466606722E-007
   12.000000000000000        2.8192679925150804E-010   1.2122981776539002E-006   3.8954396539082398E-010   4.2234160366631291E-007   6.0109184424501588E-011   8.8189133126550656E-008  -2.8131513230286664E-011  -9.8942050472646618E-008
   12.299999999999999        1.4041666513982449E-010   8.6021947032029041E-007   1.9223507812827854E-010   2.9402623168507356E-007   2.9937787825161630E-011   6.4717306671674967E-008  -1.4023823503401094E-011  -7.1986888401686633E-008
   12.600000000000000        7.0134856108996936E-011   6.1208782620490704E-007   9.5180611173979333E-011   2.0549550615955772E-007   1.4938093386244210E-011   4.7371305640900600E-008  -7.0040815163453949E-012  -5.2327803820097694E-008
   12.900000000000000        3.5125033741427775E-011   4.3666337405640954E-007   4.7274209739174194E-011   1.4414534416031417E-007   7.4671347869906476E-012   3.4610765782056480E-008  -3.5045317702813648E-012  -3.8015371845180773E-008
   13.199999999999999        1.7636262388644485E-011   3.1227485641895527E-007   2.3549737732062922E-011   1.0145743578714577E-007   3.7392224647779146E-012   2.5254739585597098E-008  -1.7566478508624741E-012  -2.7608220510754808E-008
   13.500000000000000        8.8766083404099228E-012   2.2382900104738240E-007   1.1764279828286425E-011   7.1642090825353770E-008   1.8756904639864754E-012   1.8411518404754427E-008  -8.8205714495411632E-013  -2.0046860702447734E-008
   13.799999999999999        4.4780198212021887E-012   1.6077489149900401E-007   5.8924856279461035E-012   5.0743665730572313E-008   9.4249049609452938E-013   1.3414954239372287E-008  -4.4365694194379040E-013  -1.4555806555885528E-008
   14.100000000000000        2.2639915920257576E-012   1.1571134517870885E-007   2.9588752111787410E-012   3.6046572557296435E-008   4.7436403356904105E-013   9.7712092800361738E-009  -2.2352064659206756E-013  -1.0569185504647901E-008
   14.399999999999999        1.1470125910899587E-012   8.3429721783930204E-008   1.4893436763131865E-012   2.5678224636135255E-008   2.3913787599243787E-013   7.1162254113191756E-009  -1.1279483700749678E-013  -7.6749880453409776E-009
   14.699999999999999        5.8226931527323580E-013   6.0253155568731389E-008   7.5136760477603593E-013   1.8341991457043401E-008   1.2074515587695775E-013   5.1827161769085754E-009  -5.7009028827413257E-014  -5.5736969222119610E-009
   15.000000000000000        2.9614367945321986E-013   4.3578567474430585E-008   3.7988484561879837E-013   1.3136576747555106E-008   6.1060285686021261E-014   3.7750333096270437E-009  -2.8857771903080530E-014  -4.0478033998175193E-009
   15.299999999999999        1.5089220662305594E-013   3.1558025225362905E-008   1.9246399354865773E-013   9.4332127507240163E-009   3.0924235301343184E-014   2.7502807326653462E-009  -1.4629476543538747E-014  -2.9394605800471594E-009
   15.600000000000000        7.7016174477251713E-014   2.2876265834553794E-008   9.7702193483795297E-014   6.7917601544971388E-009   1.5684607897485275E-014   2.0042563070778515E-009  -7.4271777196557866E-015  -2.1341628545923265E-009
   15.899999999999999        3.9374451073035993E-014   1.6594840389143214E-008   4.9691133961537198E-014   4.9031304005724176E-009   7.9664856988458537E-015   1.4610586674700298E-009  -3.7759819947513399E-015  -1.5488587650866781E-009
   16.199999999999999        2.0161931584954093E-014   1.2042586150332709E-008   2.5318568905101625E-014   3.5496063977032666E-009   4.0519353543165587E-015   1.0654421951006194E-009  -1.9223321220309140E-015  -1.1233098261950043E-009
   16.500000000000000        1.0339566781106795E-014   8.7384255417380979E-009   1.2922749923653450E-014   2.5773904413856175E-009   2.0636943439781145E-015   7.7721432482101650E-010  -9.7993891751751025E-016  -8.1381756259239063E-010
   16.800000000000001        5.3099535481915833E-015   6.3367967499016363E-009   6.6069569433429252E-015   1.8775414832541791E-009   1.0524469252778945E-015   5.6714082170337860E-010  -5.0017020933849375E-016  -5.8867394864247906E-010
   17.099999999999998        2.7305970824404165E-015   4.5889777042136515E-009   3.3834670364579363E-015   1.3726919915586365E-009   5.3741779391050792E-016   4.1395915101780410E-010  -2.5559604099537357E-016  -4.2486370497154176E-010
   17.399999999999999        1.4058923806057797E-015   3.3156043897434300E-009   1.7355320661139105E-015   1.0077617432920073E-009   2.7476790103957491E-016   3.0220321441028185E-010  -1.3075670199930886E-016  -3.0567475849286684E-010
   17.699999999999999        7.2460374318982040E-016   2.3870959542755681E-009   8.9172852657122304E-016   7.4344571581197909E-010   1.4065233055198550E-016   2.2062062191329097E-010  -6.6954302564121632E-017  -2.1896696610023611E-010
   18.000000000000000        3.7375423352622662E-016   1.7096795665079261E-009   4.5901009127004084E-016   5.5163394077549678E-010   7.2083998340364943E-017   1.6102185202092251E-010  -3.4306967147902899E-017  -1.5591771651161347E-010
   18.300000000000001        1.9284533585299288E-016   1.2153913636843341E-009   2.3677560171174334E-016   4.1218119782043594E-010   3.6984835413086801E-017   1.1744376369741427E-010  -1.7582200671933217E-017  -1.1011291625352571E-010
   18.599999999999998        9.9452115541162101E-017   8.5490764679779233E-010   1.2247612306417010E-016   3.1062274597328453E-010   1.8996703156772802E-017   8.5541680917002937E-011  -9.0050677462763653E-018  -7.6888113599149932E-011
   18.899999999999999        5.1185903573582041E-017   5.9239559147610416E-010   6.3605835902791079E-017   2.3655505921214286E-010   9.7671291439326233E-018   6.2147560448503661E-011  -4.6021019878348760E-018  -5.2850806702770138E-011
   19.199999999999999        2.6218482129537841E-017   4.0180845486503103E-010   3.3241162115954980E-017   1.8248536410097344E-010   5.0259871853061948E-018   4.4948778413419483E-011  -2.3401417154762082E-018  -3.5534032154837341E-011
   19.500000000000000        1.3295223445580791E-017   2.6421652847162003E-010   1.7556853192009403E-017   1.4301257615887438E-010   2.5874927797741686E-018   3.2254485644550529E-011  -1.1776390533407670E-018  -2.3145122962312418E-011
   19.800000000000001        6.6067626877968572E-018   1.6588270602230735E-010   9.4444760979921848E-018   1.1424281967302492E-010   1.3313407854396368E-018   2.2825518602474945E-011  -5.8047128072936174E-019  -1.4383508021862282E-011
   20.099999999999998        3.1521788468529077E-018   9.6875014243712763E-011   5.2453429948438017E-018   9.3367006004911566E-011   6.8244350942341332E-019   1.5750414362567008E-011  -2.7453309058831549E-019  -8.3086535146668846E-012
   20.399999999999999        1.3819108187347538E-018   5.0068222850259917E-011   3.0761955880840297E-018   7.8424752771219830E-011   3.4485616477488610E-019   1.0354498860765674E-011  -1.1920130675905544E-019  -4.2445100959873167E-012
   20.699999999999999        4.9937292777117436E-019   2.0432041353833050E-011   2.0270949857561695E-018   6.7940967509750953E-011   1.8007025448239206E-019   6.2831141044904576E-012  -4.2616107056626996E-020  -1.7108653553599560E-012
   21.000000000000000        1.0303929596075275E-019   4.5428159674500543E-012   1.2273981112467660E-018   5.8651101512710553E-011   1.1005447136303161E-020   2.0904447148505476E-012  -8.6886551098157459E-021  -3.7546103298232026E-013
