nprot,nneut=  20  28
rms_c,rms_p,rms_n,rms_tot=   3.5070       3.4353       3.5895       3.5261    
densities with m. correction:
  i      r          rho-coul        rho-prot       rho-neut       rho-mass
    1  0.000    7.951129575692E-02  8.205449112730E-02  9.577509363417E-02  0.177829584761    
    2  0.300    7.917890641456E-02  8.154599438635E-02  9.470564219643E-02  0.176251636583    
    3  0.600    7.826998512017E-02  8.015514350176E-02  9.187780317481E-02  0.172032946677    
    4  0.900    7.700900457438E-02  7.824170964032E-02  8.833588535535E-02  0.166577594996    
    5  1.200    7.564656371154E-02  7.627137386803E-02  8.545565182282E-02  0.161727025691    
    6  1.500    7.431532094798E-02  7.461399234871E-02  8.432434011005E-02  0.158938332459    
    7  1.800    7.291614864680E-02  7.332764234814E-02  8.508262073699E-02  0.158410263085    
    8  2.100    7.110128787745E-02  7.204544350894E-02  8.675540002027E-02  0.158800843529    
    9  2.400    6.837570267378E-02  7.007834571817E-02  8.774924775003E-02  0.157827593468    
   10  2.700    6.426985485705E-02  6.669192557925E-02  8.654178411693E-02  0.153233709696    
   11  3.000    5.850823898239E-02  6.137472543723E-02  8.213776738721E-02  0.143512492824    
   12  3.300    5.112148331472E-02  5.399171985643E-02  7.425367244454E-02  0.128245392301    
   13  3.600    4.248464324659E-02  4.484476910745E-02  6.333004540525E-02  0.108174814513    
   14  3.900    3.327699455962E-02  3.467505318630E-02  5.043793708124E-02  8.511299026753E-02
   15  4.200    2.435534823851E-02  2.457688035397E-02  3.709291229630E-02  6.166979265027E-02
   16  4.500    1.654540767499E-02  1.575188335506E-02  2.494614746265E-02  4.069803081771E-02
   17  4.800    1.040561317939E-02  9.093083979443E-03  1.531947705179E-02  2.441256103123E-02
   18  5.100    6.077913561421E-03  4.795651255379E-03  8.713747463907E-03  1.350939871929E-02
   19  5.400    3.325391288632E-03  2.378037098904E-03  4.715345532909E-03  7.093382631814E-03
   20  5.700    1.723655744678E-03  1.140647156990E-03  2.491179165421E-03  3.631826322410E-03
   21  6.000    8.561431581450E-04  5.398564903412E-04  1.307694672277E-03  1.847551162618E-03
   22  6.300    4.115478137945E-04  2.550405294309E-04  6.886928363704E-04  9.437333658013E-04
   23  6.600    1.929111599954E-04  1.209965483757E-04  3.655976532774E-04  4.865942016531E-04
   24  6.900    8.862150643666E-05  5.780916756401E-05  1.960001628526E-04  2.538093304166E-04
   25  7.200    3.999702478323E-05  2.784629747369E-05  1.061742264080E-04  1.340205238817E-04
   26  7.500    1.773014527092E-05  1.352736251236E-05  5.810519037622E-05  7.163255288858E-05
   27  7.800    7.693056278212E-06  6.625078874338E-06  3.211139143344E-05  3.873647030777E-05
   28  8.100    3.241335372820E-06  3.270819540755E-06  1.791045269736E-05  2.118127223812E-05
   29  8.400    1.305066623905E-06  1.626120859409E-06  1.007618731096E-05  1.170230817037E-05
   30  8.700    4.853292239309E-07  8.145815736867E-07  5.714819068618E-06  6.529400642305E-06
   31  9.000    1.524148121581E-07  4.101461187312E-07  3.265405771944E-06  3.675551890676E-06
   32  9.300    2.656865417526E-08  2.082064004561E-07  1.879203325357E-06  2.087409725813E-06
   33  9.600   -1.451445417261E-08  1.058587254733E-07  1.088274647041E-06  1.194133372515E-06
   34  9.900   -2.306843626579E-08  5.447168373077E-08  6.343319696927E-07  6.888036534234E-07
   35 10.200   -2.065565719996E-08  2.782972563159E-08  3.716029731733E-07  3.994326988049E-07
   36 10.500   -1.564545747393E-08  1.457782358469E-08  2.190663295190E-07  2.336441531037E-07
   37 10.800   -1.095656833978E-08  7.401746703071E-09  1.295779255148E-07  1.369796722179E-07
   38 11.100   -7.335465235158E-09  4.007409625332E-09  7.718624013400E-08  8.119364975933E-08
   39 11.400   -4.779051652966E-09  1.963064892435E-09  4.600430557181E-08  4.796737046424E-08
   40 11.700   -3.054708860810E-09  1.149802870846E-09  2.768608442890E-08  2.883588729975E-08
   41 12.000   -1.930298001877E-09  4.985787347431E-10  1.658145007993E-08  1.708002881467E-08
   42 12.300   -1.207402530311E-09  3.593134247119E-10  1.009560016583E-08  1.045491359054E-08
   43 12.600   -7.523086872981E-10  1.040942352280E-10  6.047910473465E-09  6.152004708693E-09
   44 12.900   -4.653034890949E-10  1.328980744656E-10  3.741737887120E-09  3.874635961585E-09
   45 13.200   -2.883088068244E-10  8.402755307269E-13  2.222562572365E-09  2.223402847895E-09
   46 13.500   -1.771014265250E-10  6.352131816518E-11  1.412372097663E-09  1.475893415828E-09
   47 13.800   -1.097642288078E-10 -2.295825897985E-11  8.169601973147E-10  7.940019383348E-10
   48 14.100   -6.700076798876E-11  3.913486912337E-11  5.462212327839E-10  5.853561019073E-10
   49 14.400   -4.179077739201E-11 -2.547582114335E-11  2.960447736070E-10  2.705689524636E-10
   50 14.700   -2.525337040856E-11  2.833231294155E-11  2.192899196742E-10  2.476222326158E-10
   51 15.000   -1.600205888019E-11 -2.274006583825E-11  1.022941392360E-10  7.955407339774E-11
   52 15.300   -9.468695830668E-12  2.208622298644E-11  9.357303059013E-11  1.156592535766E-10
   53 15.600   -6.205496505103E-12 -1.910507681065E-11  3.064152742631E-11  1.153645061567E-11
   54 15.900   -3.506587319641E-12  1.768272870790E-11  4.387520576965E-11  6.155793447755E-11
   55 16.200   -2.464117970057E-12 -1.568138253314E-11  4.835465478410E-12 -1.084591705473E-11
   56 16.500   -1.259061136455E-12  1.422961901941E-11  2.329184774929E-11  3.752146676870E-11
   57 16.800   -1.020156573475E-12 -1.268813223094E-11 -3.733341402555E-12 -1.642147363349E-11
   58 17.100   -4.179924526484E-13  1.138108775714E-11  1.405588012716E-11  2.543696788429E-11
   59 17.400   -4.518300273559E-13 -1.011134304084E-11 -5.870987267686E-12 -1.598233030853E-11
   60 17.700   -1.101687164520E-13  8.968052011751E-12  9.358933431584E-12  1.832698544334E-11
   61 18.000   -2.196274014274E-13 -7.886320819788E-12 -5.672157931155E-12 -1.355847875094E-11
   62 18.300   -4.442657063601E-15  6.887116398568E-12  6.555128938221E-12  1.344224533679E-11
   63 18.600   -1.178539121906E-13 -5.946052323644E-12 -4.683627970259E-12 -1.062968029390E-11
   64 18.900    2.508207481128E-14  5.064852849589E-12  4.595322834463E-12  9.660175684052E-12
   65 19.200   -6.755847397526E-14 -4.232152166898E-12 -3.480236124626E-12 -7.712388291524E-12
   66 19.500    2.634476324317E-14  3.444712195501E-12  3.049581323195E-12  6.494293518696E-12
   67 19.800   -3.810973954424E-14 -2.695764348784E-12 -2.265551873682E-12 -4.961316222466E-12
   68 20.100    1.761763030371E-14  1.981170602735E-12  1.731499558245E-12  3.712670160980E-12
   69 20.400   -1.732719060656E-14 -1.296057916260E-12 -1.101893915717E-12 -2.397951831976E-12
   70 20.700    5.954883858506E-15  6.364554993405E-13  5.526034328741E-13  1.189058932215E-12
   71 21.000   -3.155708206687E-24  1.575567083063E-15  1.430071302270E-15  3.005638385332E-15

