 r rp rn tp tn ssp ssn sp sn 
   0.0000000000000000        7.9616174421673444E-002   8.4930498026325851E-002   4.9014311755623846E-002   5.3095508439294531E-002  -5.4320038120308561E-003  -5.4396424069512997E-003   0.0000000000000000        0.0000000000000000     
  0.29999999999999999        7.9145913381061889E-002   8.4260243169918494E-002   5.1532090957930647E-002   5.5902861415690626E-002  -5.9695380720169141E-003  -6.0493587753804867E-003  -5.7227732785413690E-004  -5.7699448284074639E-004
  0.59999999999999998        7.7945187773010530E-002   8.2538613474830644E-002   5.8776097880320198E-002   6.3926667270647830E-002  -7.2520391764713619E-003  -7.5088935084943187E-003  -1.3190163356145703E-003  -1.3521704185551792E-003
  0.89999999999999991        7.6516367937122964E-002   8.0483331866122249E-002   6.9265397964907882E-002   7.5428937609688038E-002  -7.9181651402294700E-003  -8.2957210384565633E-003  -2.2241721663008246E-003  -2.3105448624088508E-003
   1.2000000000000000        7.5520160030021141E-002   7.9010558438832090E-002   8.0214282480478377E-002   8.7214300950752666E-002  -6.2091174166605569E-003  -6.4498355917665447E-003  -2.9360136996514474E-003  -3.0624314286274413E-003
   1.5000000000000000        7.5473429209729326E-002   7.8801625225927832E-002   8.8113222920066278E-002   9.5373887595376211E-002  -9.9203657451010048E-004  -7.2981344157909507E-004  -2.7962390657296603E-003  -2.8788457242460248E-003
   1.7999999999999998        7.6439898504896200E-002   7.9889364151321557E-002   9.0406048606351083E-002   9.7211176195380500E-002   7.0458991417460363E-003   8.0399733633282344E-003  -1.1588110289759369E-003  -1.0537577546576599E-003
   2.1000000000000001        7.7904451956668050E-002   8.1544542772026191E-002   8.6819290315928929E-002   9.2643110362559428E-002   1.5362056194537439E-002   1.6950019244944471E-002   2.1428333518372536E-003   2.5677134426532271E-003
   2.3999999999999999        7.8930688866393539E-002   8.2565651032869905E-002   7.8955272578069308E-002   8.3600534620992317E-002   2.1028668613579670E-002   2.2725873065403648E-002   6.5760846146943920E-003   7.3511067799543013E-003
   2.6999999999999997        7.8481841418853268E-002   8.1748047600951584E-002   6.8918365200740087E-002   7.2448073351054729E-002   2.2339982546125361E-002   2.3592616181539971E-002   1.1126380989597368E-002   1.2143590217089216E-002
   3.0000000000000000        7.5716431503812257E-002   7.8249859405452329E-002   5.8410905199934547E-002   6.1017611027486485E-002   1.9320962371474050E-002   1.9808306867954689E-002   1.4734616908301353E-002   1.5793433745240018E-002
   3.2999999999999998        7.0178224112583176E-002   7.1757988831962591E-002   4.8564753765130107E-002   5.0464407296727978E-002   1.3272240760818024E-002   1.3020689326435457E-002   1.6657503840234643E-002   1.7555818156966316E-002
   3.5999999999999996        6.1897585951133829E-002   6.2507805856361245E-002   4.0053390626271848E-002   4.1424290790206410E-002   6.0493804539227102E-003   5.3354050392650926E-003   1.6632683462409273E-002   1.7243266562910278E-002
   3.8999999999999999        5.1427950407286815E-002   5.1233463798115213E-002   3.3150512396043177E-002   3.4114299466963427E-002  -5.3080981732028278E-004  -1.3654501742401308E-003   1.4874491425845973E-002   1.5171374434846523E-002
   4.2000000000000002        3.9803730230106166E-002   3.9075090450148474E-002   2.7678667814373628E-002   2.8306230117241461E-002  -5.1104280561386330E-003  -5.8028373825781401E-003   1.1958114883888786E-002   1.1996958952747895E-002
   4.5000000000000000        2.8375104534231733E-002   2.7404713896461402E-002   2.2986583908052957E-002   2.3313979309656247E-002  -7.0851151311962183E-003  -7.5096792415616015E-003   8.6324701098317077E-003   8.5096691672637541E-003
   4.7999999999999998        1.8479938226180034E-002   1.7512933478553355E-002   1.8241175930969258E-002   1.8300331825032774E-002  -6.7396852448946519E-003  -6.9004005590366062E-003   5.5936794516321326E-003   5.4060543470972403E-003
   5.0999999999999996        1.1004297750663194E-002   1.0194077968724340E-002   1.3150944064488730E-002   1.3010699903355162E-002  -5.0643878827959562E-003  -5.0472136408280625E-003   3.2773746158298567E-003   3.0944535268850469E-003
   5.3999999999999995        6.0771460069262298E-003   5.4768903119695907E-003   8.3658065426899225E-003   8.1339179899320418E-003  -3.1824996171408745E-003  -3.0894229922028226E-003   1.7707369909429158E-003   1.6257573628958705E-003
   5.7000000000000002        3.1892174280994897E-003   2.7811445983348497E-003   4.7416002878468205E-003   4.5131088016553541E-003  -1.7608628680976131E-003  -1.6609980383554116E-003   9.0760861296673180E-004   8.0590267388328907E-004
   6.0000000000000000        1.6304138952609795E-003   1.3681228329294082E-003   2.4827405290137427E-003   2.3032119977372638E-003  -9.0445074682692192E-004  -8.2572074969511431E-004   4.5353270502483228E-004   3.8724677887449539E-004
   6.2999999999999998        8.2700149424625119E-004   6.6416113766572813E-004   1.2472700722448193E-003   1.1224075247172687E-003  -4.4993592824416778E-004  -3.9571327795648228E-004   2.2529963843667588E-004   1.8394411769873307E-004
   6.5999999999999996        4.2077895617743564E-004   3.2177746332770929E-004   6.1723176616661180E-004   5.3618046537993558E-004  -2.2239601510678177E-004  -1.8751627804364631E-004   1.1252712930918421E-004   8.7379746971227363E-005
   6.8999999999999995        2.1595389928568589E-004   1.5651398473921454E-004   3.0542411901889743E-004   2.5489726981954336E-004  -1.1060073492888932E-004  -8.8976992965367018E-005   5.6818649991037072E-005   4.1756068099032962E-005
   7.1999999999999993        1.1206855385501326E-004   7.6643451367393702E-005   1.5227914657187647E-004   1.2154050105518174E-004  -5.5636555730879935E-005  -4.2509452243532237E-005   2.9067320181427776E-005   2.0124343366268797E-005
   7.5000000000000000        5.8852087499536017E-005   3.7826409304154236E-005   7.6767996429470204E-005   5.8345851361459071E-005  -2.8362987989233635E-005  -2.0491550489626421E-005   1.5072837236229658E-005   9.7896128551156979E-006
   7.7999999999999998        3.1274027546281173E-005   1.8819876839401736E-005   3.9183168465154574E-005   2.8243487806809181E-005  -1.4657584784086115E-005  -9.9718935750747874E-006   7.9195480833203294E-006   4.8064764628740677E-006
   8.0999999999999996        1.6810355619601908E-005   9.4376986462738998E-006   2.0253580293205887E-005   1.3792705260674972E-005  -7.6755530216666924E-006  -4.8979642302352003E-006   4.2131537141990428E-006   2.3807429754412975E-006
   8.4000000000000004        9.1348628862949358E-006   4.7685903309007669E-006   1.0598979365881483E-005   6.7946888229456325E-006  -4.0698624303335676E-006  -2.4270275421916467E-006   2.2675093048039196E-006   1.1889487033342696E-006
   8.6999999999999993        5.0153302385293006E-006   2.4266384861302752E-006   5.6125869876341225E-006   3.3754729259993977E-006  -2.1832963894838865E-006  -1.2125218460619565E-006   1.2335434098309441E-006   5.9827798581407291E-007
   9.0000000000000000        2.7804211523900267E-006   1.2431436197456132E-006   3.0056481393519196E-006   1.6902645260608773E-006  -1.1839807353758958E-006  -6.1035797887621571E-007   6.7774980169402270E-007   3.0315458631842692E-007
   9.2999999999999989        1.5555596301189711E-006   6.4084535315340037E-007   1.6267514540005018E-006   8.5275815429307567E-007  -6.4852574416345260E-007  -3.0938098814597540E-007   3.7580820304608724E-007   1.5459529408717655E-007
   9.5999999999999996        8.7779524793850584E-007   3.3229579425049715E-007   8.8930592515213771E-007   4.3325740986555579E-007  -3.5853888426308077E-007  -1.5782229231653086E-007   2.1015813923350655E-007   7.9299562528216722E-008
   9.9000000000000004        4.9935638922801610E-007   1.7324920327393470E-007   4.9077216767131254E-007   2.2157535701758588E-007  -1.9992844312863122E-007  -8.0980746963770969E-008   1.1845107536447199E-007   4.0896032111200287E-008
   10.199999999999999        2.8624225566575871E-007   9.0790206464508210E-008   2.7325886715096030E-007   1.1401715393229799E-007  -1.1237560704445981E-007  -4.1776154347253372E-008   6.7251368013321098E-008   2.1195414746290361E-008
   10.500000000000000        1.6526136010816819E-007   4.7806362644044851E-008   1.5343209686779161E-007   5.9009565817604601E-008  -6.3633268103827278E-008  -2.1658257894316795E-008   3.8442665176382652E-008   1.1035369709486661E-008
   10.799999999999999        9.6060497806642212E-008   2.5285949198273677E-008   8.6836503522839976E-008   3.0705795855543128E-008  -3.6281933821354735E-008  -1.1279792385558926E-008   2.2114596980603029E-008   5.7698881972953573E-009
   11.100000000000000        5.6193695274169536E-008   1.3430654367186827E-008   4.9515668084929543E-008   1.6058966610695450E-008  -2.0820518098658596E-008  -5.8994643614158935E-009   1.2797356968882193E-008   3.0286587967144190E-009
   11.400000000000000        3.3070733934642640E-008   7.1618585443976168E-009   2.8435422304811151E-008   8.4387521900564246E-009  -1.2020093337719991E-008  -3.0975957795799696E-009   7.4469287639297729E-009   1.5955721636547853E-009
   11.699999999999999        1.9573472609654370E-008   3.8331813246149141E-009   1.6439454710362648E-008   4.4542650214632315E-009  -6.9787395492204423E-009  -1.6323681584120240E-009   4.3561729023073194E-009   8.4344857716594904E-010
   12.000000000000000        1.1647250488793644E-008   2.0587324313006355E-009   9.5646767913510139E-009   2.3609876048332500E-009  -4.0733531261068197E-009  -8.6314821679524939E-010   2.5607838936463694E-009   4.4728103496692734E-010
   12.299999999999999        6.9659890532776576E-009   1.1093180883611861E-009   5.5983820187163958E-009   1.2563828204066617E-009  -2.3894603831666473E-009  -4.5785711152463734E-010   1.5123821698438224E-009   2.3790041575080932E-010
   12.600000000000000        4.1862621282056936E-009   5.9957428454346722E-010   3.2955450633766631E-009   6.7105663811129032E-010  -1.4083131594717861E-009  -2.4359299356642588E-010   8.9714449439415992E-010   1.2688907377672065E-010
   12.900000000000000        2.5272151931626764E-009   3.2499864174845116E-010   1.9504552010014506E-009   3.5967515629853963E-010  -8.3375789260713446E-010  -1.2996043393215285E-010   5.3441196759815092E-010   6.7857269084682530E-011
   13.199999999999999        1.5322339064668387E-009   1.7664367581053025E-010   1.1602939652684105E-009   1.9341374085353458E-010  -4.9570261975728798E-010  -6.9518072579967109E-011   3.1960364657608881E-010   3.6378680635171935E-011
   13.500000000000000        9.3277357775457532E-010   9.6255159511149063E-011   6.9360164054396020E-010   1.0432953603704523E-010  -2.9590388536808056E-010  -3.7278609543571062E-011   1.9186024771646209E-010   1.9548657379573838E-011
   13.799999999999999        5.7003678146114926E-010   5.2576944790848818E-011   4.1653922810231328E-010   5.6440809360549924E-011  -1.7731418050752299E-010  -2.0037247973844417E-011   1.1558942823566145E-010   1.0528158133826417E-011
   14.100000000000000        3.4963704653313063E-010   2.8784082869976088E-011   2.5124986283128299E-010   3.0617748880865428E-011  -1.0664031397206943E-010  -1.0793912803017737E-011   6.9877673648601330E-011   5.6820340332135421E-012
   14.399999999999999        2.1519738994934749E-010   1.5792083567691465E-011   1.5218324657872938E-010   1.6652529553299556E-011  -6.4359432417541509E-011  -5.8268362168049788E-012   4.2381631635413041E-011   3.0727386399519234E-012
   14.699999999999999        1.3288698960100424E-010   8.6816907393577539E-012   9.2544883794254009E-011   9.0792820083321015E-012  -3.8971649497398725E-011  -3.1517692899948187E-012   2.5785221545125200E-011   1.6648517066146068E-012
   15.000000000000000        8.2314735669210995E-011   4.7818735215388091E-012   5.6491446687793763E-011   4.9616814597273027E-012  -2.3673843576706813E-011  -1.7080553424290794E-012   1.5734583928708279E-011   9.0367922150881435E-013
   15.299999999999999        5.1138458890011784E-011   2.6386060333843180E-012   3.4608675802728683E-011   2.7174296853961944E-012  -1.4424936548897994E-011  -9.2733522792230777E-013   9.6287264525986912E-012   4.9136570023675803E-013
   15.600000000000000        3.1857928018626220E-011   1.4584436216451544E-012   2.1276225194388496E-011   1.4913860641747862E-012  -8.8151479358982820E-012  -5.0433964477172158E-013   5.9081080571254506E-012   2.6761584799804874E-013
   15.899999999999999        1.9897989218375087E-011   8.0742201134746251E-013   1.3123700819631067E-011   8.2012303702556101E-013  -5.4021228361980145E-012  -2.7474369749770081E-013   3.6343515379535444E-012   1.4598245680726253E-013
   16.199999999999999        1.2457695414305736E-011   4.4767676054452147E-013   8.1213280872616458E-012   4.5184055044304527E-013  -3.3194780584866311E-012  -1.4990621247528939E-013   2.2409362840695804E-012   7.9751002019377577E-014
   16.500000000000000        7.8163784164874530E-012   2.4856305047332038E-013   5.0417297030396848E-012   2.4938790919697312E-013  -2.0450278744205582E-012  -8.1916184718873341E-014   1.3847385711227773E-012   4.3629506859003848E-014
   16.800000000000001        4.9135359874294249E-012   1.3818662268467101E-013   3.1398482131026847E-012   1.3788769546802171E-013  -1.2630134622183079E-012  -4.4828125251949337E-014   8.5729701483988330E-013   2.3899503109410917E-014
   17.099999999999998        3.0935038460525955E-012   7.6911377969175988E-014   1.9617362618788846E-012   7.6370437934176793E-014  -7.8190163015294552E-013  -2.4566093494720141E-014   5.3158729033809627E-013   1.3107060781220258E-014
   17.399999999999999        1.9497039889117884E-012   4.2847581577600202E-014   1.2298369655360469E-012   4.2372716205876992E-014  -4.8516258028160021E-013  -1.3480345440161020E-014   3.2998750813798993E-013   7.1953284938739164E-015
   17.699999999999999        1.2293004667466541E-012   2.3886356394197123E-014   7.7387183753916028E-013   2.3553541703736482E-014  -3.0169391097295617E-013  -7.4066224593222935E-015   2.0493461356901033E-013   3.9528089498983180E-015
   18.000000000000000        7.7463782265668444E-013   1.3318910076909391E-014   4.8904058467808338E-013   1.3120283950014909E-014  -1.8799059229941723E-013  -4.0744351514383775E-015   1.2720744479253798E-013   2.1721093512249454E-015
   18.300000000000001        4.8715664401552104E-013   7.4228055619435304E-015   3.1064444116721363E-013   7.3275442400836957E-015  -1.1736189390758586E-013  -2.2439478816705732E-015   7.8808095715363924E-014   1.1930707782931388E-015
   18.599999999999998        3.0509117223721553E-013   4.1297128521122895E-015   1.9862477032900092E-013   4.1066568890719376E-015  -7.3390159511299457E-014  -1.2371354799418438E-015   4.8624475503735734E-014   6.5423340670061161E-016
   18.899999999999999        1.8964505340004755E-013   2.2888617168828725E-015   1.2811051680684911E-013   2.3132272645802590E-015  -4.5951062916934651E-014  -6.8268330076666372E-016   2.9780141213913336E-014   3.5741866409533509E-016
   19.199999999999999        1.1639881374530755E-013   1.2591956677391965E-015   8.3620434028568338E-014   1.3132204103159133E-015  -2.8785367214507156E-014  -3.7696366827151784E-016   1.8010760635960580E-014   1.9383180673661499E-016
   19.500000000000000        6.9955543606767348E-014   6.8320424208766355E-016   5.5496076295684445E-014   7.5487419199596651E-016  -1.8013179689862808E-014  -2.0815387867092718E-016   1.0667018974665849E-014   1.0367735242509126E-016
   19.800000000000001        4.0596898759138105E-014   3.6133439412292768E-016   3.7700960882165206E-014   4.4280369364565716E-016  -1.1222325105404249E-014  -1.1475508110705322E-016   6.1008548004667813E-015   5.4059046642355400E-017
   20.099999999999998        2.2190997715055396E-014   1.8217368984869676E-016   2.6458223839850779E-014   2.6840149087137981E-016  -6.9073235135202395E-015  -6.2880789390439947E-017   3.2869330348841185E-015   2.6871415144321761E-017
   20.399999999999999        1.0882720805561585E-014   8.3614799146678635E-017   1.9419684270258503E-014   1.7139082111335274E-016  -4.1228103816301696E-015  -3.3798194251502488E-017   1.5889361518772133E-015   1.2160435618525185E-017
   20.699999999999999        4.2758872985419758E-015   3.1276199296702881E-017   1.5239824285331655E-014   1.2072612082580903E-016  -2.3690052114150996E-015  -1.8280330357414499E-017   6.1544328293885052E-016   4.4848875842678951E-018
   21.000000000000000        9.2919148096248125E-016   6.5934595095460275E-018   1.1761053280673810E-014   8.0816890669408843E-017  -5.6579059167171800E-016  -2.3481267013760319E-018   1.3185515355343753E-016   9.3224392093052072E-019
