nprot,nneut=  28  28
rms_c,rms_p,rms_n,rms_tot=   3.7804       3.6871       3.6323       3.6598    
densities with m. correction:
  i      r          rho-coul        rho-prot       rho-neut       rho-mass
    1  0.000    7.815410190565E-02  8.022160320822E-02  8.580429536220E-02  0.166025898570    
    2  0.300    7.790778078921E-02  7.969392701758E-02  8.504607440380E-02  0.164740001421    
    3  0.600    7.728204934135E-02  7.830802439314E-02  8.305880996200E-02  0.161366834355    
    4  0.900    7.657122499107E-02  7.662006296298E-02  8.063934318083E-02  0.157259406144    
    5  1.200    7.612183683064E-02  7.537792375924E-02  7.883243474499E-02  0.154210358504    
    6  1.500    7.615457291563E-02  7.520376220201E-02  7.846483659540E-02  0.153668598797    
    7  1.800    7.660731064742E-02  7.622292074220E-02  7.963914472831E-02  0.155862065471    
    8  2.100    7.708141243366E-02  7.789494431227E-02  8.156784422377E-02  0.159462788536    
    9  2.400    7.692656849052E-02  7.920068505959E-02  8.292289255452E-02  0.162123577614    
   10  2.700    7.542232649643E-02  7.901982326122E-02  8.239040701748E-02  0.161410230279    
   11  3.000    7.197766212034E-02  7.645149830275E-02  7.906802559205E-02  0.155519523895    
   12  3.300    6.629055303097E-02  7.100106891429E-02  7.262062052924E-02  0.143621689444    
   13  3.600    5.844473362121E-02  6.267596274196E-02  6.328155095705E-02  0.125957513699    
   14  3.900    4.893517301258E-02  5.202547052426E-02  5.179495537964E-02  0.103820425904    
   15  4.200    3.860877459092E-02  4.010971525223E-02  3.933094629386E-02  7.944066154609E-02
   16  4.500    2.850485773335E-02  2.834766522022E-02  2.732896551191E-02  5.567663073213E-02
   17  4.800    1.960489190388E-02  1.818694643571E-02  1.718590937189E-02  3.537285580760E-02
   18  5.100    1.256216248352E-02  1.061184480878E-02  9.787166339258E-03  2.039901114804E-02
   19  5.400    7.544645620813E-03  5.744235170485E-03  5.144456983431E-03  1.088869215392E-02
   20  5.700    4.294408013216E-03  2.972162588488E-03  2.570796066542E-03  5.542958655029E-03
   21  6.000    2.348208460780E-03  1.508362619130E-03  1.253267532543E-03  2.761630151673E-03
   22  6.300    1.250119303879E-03  7.632530041891E-04  6.060396823608E-04  1.369292686550E-03
   23  6.600    6.555163846142E-04  3.884976841019E-04  2.933652291043E-04  6.818629132062E-04
   24  6.900    3.416692365550E-04  1.997339826911E-04  1.427881799536E-04  3.425221626446E-04
   25  7.200    1.782061943027E-04  1.038943636361E-04  7.002170614055E-05  1.739160697767E-04
   26  7.500    9.343415425766E-05  5.469327995074E-05  3.461400829654E-05  8.930728824729E-05
   27  7.800    4.938359417310E-05  2.913722573762E-05  1.725309986806E-05  4.639032560568E-05
   28  8.100    2.635287781792E-05  1.569723872027E-05  8.665238423733E-06  2.436247714400E-05
   29  8.400    1.420797438201E-05  8.550006670558E-06  4.386499655077E-06  1.293650632563E-05
   30  8.700    7.739826603141E-06  4.702925386572E-06  2.234588789288E-06  6.937514175860E-06
   31  9.000    4.259058091101E-06  2.613057971721E-06  1.147190099038E-06  3.760248070759E-06
   32  9.300    2.366344669094E-06  1.463824831126E-06  5.914569845044E-07  2.055281815630E-06
   33  9.600    1.326769535268E-06  8.279991915585E-07  3.076500313796E-07  1.135649222938E-06
   34  9.900    7.502599358237E-07  4.712369655013E-07  1.600738518812E-07  6.313108173826E-07
   35 10.200    4.276623798519E-07  2.709561704803E-07  8.440836254045E-08  3.553645330207E-07
   36 10.500    2.455934226303E-07  1.562585462080E-07  4.411316810853E-08  2.003717143165E-07
   37 10.800    1.420304399405E-07  9.127660692457E-08  2.367983050830E-08  1.149564374329E-07
   38 11.100    8.267174542027E-08  5.316343841489E-08  1.230364582795E-08  6.546708424284E-08
   39 11.400    4.842175162587E-08  3.157907053298E-08  6.815034205067E-09  3.839410473804E-08
   40 11.700    2.852119396864E-08  1.848260407654E-08  3.431377453364E-09  2.191398152990E-08
   41 12.000    1.689476710607E-08  1.120906400401E-08  2.037138815355E-09  1.324620281937E-08
   42 12.300    1.005604361566E-08  6.532207426500E-09  9.276920457741E-10  7.459899472274E-09
   43 12.600    6.017565564442E-09  4.086713246363E-09  6.531203395024E-10  4.739833585866E-09
   44 12.900    3.614958514707E-09  2.328425939301E-09  2.195463133360E-10  2.547972252637E-09
   45 13.200    2.183427762341E-09  1.538278518971E-09  2.394463990828E-10  1.777724918054E-09
   46 13.500    1.322200311131E-09  8.248124760368E-10  2.329370648372E-11  8.481061825205E-10
   47 13.800    8.056768267482E-10  6.049913725167E-10  1.087018724077E-10  7.136932449244E-10
   48 14.100    4.911178007694E-10  2.810345329592E-10 -2.647685445938E-11  2.545576784998E-10
   49 14.400    3.019272522323E-10  2.541588610037E-10  6.264824173622E-11  3.168071027400E-10
   50 14.700    1.849049912070E-10  8.412933033482E-11 -3.486566619140E-11  4.926366414342E-11
   51 15.000    1.148081218339E-10  1.177191085691E-10  4.308734920164E-11  1.608064577708E-10
   52 15.300    7.041337219245E-11  1.416002099149E-11 -3.222186557981E-11 -1.806184458832E-11
   53 15.600    4.428557874232E-11  6.191532456257E-11  3.252965101690E-11  9.444497557947E-11
   54 15.900    2.704305697121E-11 -9.054317033802E-12 -2.722355803641E-11 -3.627787507022E-11
   55 16.200    1.734247282383E-11  3.722187660911E-11  2.551501932972E-11  6.273689593883E-11
   56 16.500    1.042760286261E-11 -1.511868896186E-11 -2.224155485543E-11 -3.736024381729E-11
   57 16.800    6.911569886521E-12  2.494693811971E-11  2.021378140591E-11  4.516071952562E-11
   58 17.100    4.004701963081E-12 -1.505360329763E-11 -1.782502776051E-11 -3.287863105814E-11
   59 17.400    2.816770054913E-12  1.788164697342E-11  1.592901197942E-11  3.381065895284E-11
   60 17.700    1.508691737696E-12 -1.296338775767E-11 -1.401578287428E-11 -2.697917063195E-11
   61 18.000    1.182494886138E-12  1.316746205704E-11  1.233904955297E-11  2.550651161001E-11
   62 18.300    5.404592860310E-13 -1.035446936330E-11 -1.073060366928E-11 -2.108507303258E-11
   63 18.600    5.149593073603E-13  9.624510581144E-12  9.260555412737E-12  1.888506599388E-11
   64 18.900    1.713992673052E-13 -7.753256268225E-12 -7.868868425734E-12 -1.562212469396E-11
   65 19.200    2.319221691457E-13  6.734921983874E-12  6.570200449422E-12  1.330512243330E-11
   66 19.500    3.869277807902E-14 -5.318040741430E-12 -5.339728128253E-12 -1.065776886968E-11
   67 19.800    1.039972084677E-13  4.249418527295E-12  4.176030199770E-12  8.425448727065E-12
   68 20.100   -5.172672010545E-16 -3.071531675392E-12 -3.066365305620E-12 -6.137896981012E-12
   69 20.400    3.963868025942E-14  2.032104363909E-12  2.005196413303E-12  4.037300777212E-12
   70 20.700   -3.403713292454E-15 -9.888394941939E-13 -9.842979924544E-13 -1.973137486648E-12
   71 21.000    5.112742427761E-24 -2.516144613533E-15 -2.480443647023E-15 -4.996588260556E-15

