 r rp rn tp tn ssp ssn sp sn 
   0.0000000000000000        8.9598290306863435E-002   7.4475570020182860E-002   3.9039722223334926E-002  0.14641526778946282       -1.8482389775968931E-003  -1.6259562933425547E-002   0.0000000000000000        0.0000000000000000     
  0.29999999999999999        8.7382731220136789E-002   7.6901198095639334E-002   4.1350921787235935E-002  0.14314486989819880       -2.1451444867777291E-003  -1.4900040722399872E-002  -2.0080273839870791E-004  -1.5486521326786888E-003
  0.59999999999999998        8.1512909111728177E-002   8.3288714908571412E-002   4.7392849307544796E-002  0.13432062998005828       -2.8404414419359088E-003  -1.1295032804042924E-002  -4.9747852063152323E-004  -2.6334793013741511E-003
  0.89999999999999991        7.4096847029963359E-002   9.1269388028816109E-002   5.5301086524356412E-002  0.12316745702153570       -3.1742823021978050E-003  -7.1296159676826733E-003  -8.7577099582264375E-004  -3.0466868619635195E-003
   1.2000000000000000        6.7541659238077034E-002   9.8037618396397019E-002   6.3080776747755626E-002  0.11347417352773130       -2.2393214798079471E-003  -3.9329477215868337E-003  -1.1438991160004958E-003  -2.9239113562139350E-003
   1.5000000000000000        6.3639397743892281E-002  0.10148218003277425        6.9099124832775485E-002  0.10785393392392230        6.2869508905962239E-004  -2.2662141973265062E-003  -9.5091918001954131E-004  -2.5789859834474929E-003
   1.7999999999999998        6.3008532389344063E-002  0.10095174883808360        7.2037300919124900E-002  0.10648673231636360        5.4088422557611099E-003  -1.7286368892174080E-003   9.9498637098930972E-005  -2.2767286128169478E-003
   2.1000000000000001        6.4970747381676325E-002   9.7325985783941069E-002   7.1070409646624172E-002  0.10695200506810473        1.1069966883294848E-002  -1.4448636038588546E-003   2.2436966442643345E-003  -2.0899865249601650E-003
   2.3999999999999999        6.7865045032030474E-002   9.2350163226051912E-002   6.6392203637615527E-002  0.10553714659277395        1.5771096690433563E-002  -6.7117178949742027E-004   5.3391899059262457E-003  -1.8957373384004327E-003
   2.6999999999999997        6.9757598709883240E-002   8.7558269793252569E-002   5.9257049259914277E-002   9.9460629254672528E-002   1.7783592208183867E-002   7.3960237064422452E-004   8.8074043996438228E-003  -1.4952148998012029E-003
   3.0000000000000000        6.9226942247349876E-002   8.3435811020841744E-002   5.1203007656955783E-002   8.8392766414306836E-002   1.6498179247613008E-002   2.2560796209809934E-003   1.1850782312352771E-002  -7.8954918455583466E-004
   3.2999999999999998        6.5749325039667725E-002   7.9342430616359802E-002   4.3316056989647592E-002   7.4198948431295542E-002   1.2596808842697057E-002   3.0792665320711165E-003   1.3801915678598158E-002   1.0971043867420485E-004
   3.5999999999999996        5.9555717949904927E-002   7.4114849109653422E-002   3.6163072484418815E-002   5.9543675853297985E-002   7.3988385767085659E-003   2.7548311841292619E-003   1.4343712395800765E-002   9.2686069093725343E-004
   3.8999999999999999        5.1271170830191864E-002   6.6833875583645869E-002   3.0041391266998896E-002   4.6598299446028883E-002   2.1724070485332932E-003   1.4878779986814725E-003   1.3515603805005270E-002   1.3900728185221138E-003
   4.2000000000000002        4.1675518280743423E-002   5.7311051841353537E-002   2.5077976383271507E-002   3.6438113543103348E-002  -2.1295793671516194E-003  -4.0671888022031496E-005   1.1611893239060362E-002   1.3896789732366027E-003
   4.5000000000000000        3.1654066040010927E-002   4.6167370835514060E-002   2.1130660782033003E-002   2.9035724314327445E-002  -4.8827821063243612E-003  -1.1310934957795571E-003   9.0785809976571073E-003   1.0221841821642171E-003
   4.7999999999999998        2.2185439471563088E-002   3.4601106447959364E-002   1.7702888136726980E-002   2.3560354093899928E-002  -5.8468775231154515E-003  -1.4482991617717083E-003   6.4201183542933350E-003   5.1247720821613954E-004
   5.0999999999999996        1.4195302725790263E-002   2.3983176351814652E-002   1.4155308413516261E-002   1.8866636345425722E-002  -5.2768429118560702E-003  -1.1259006422616655E-003   4.0851499058881177E-003   7.9889974627559953E-005
   5.3999999999999995        8.2670753251055957E-003   1.5391194614724818E-002   1.0267951948262893E-002   1.4195131462430597E-002  -3.8640839065859156E-003  -5.7023691258333844E-004   2.3433811195640634E-003  -1.6608189235429687E-004
   5.7000000000000002        4.4237051188925703E-003   9.2499341292068878E-003   6.5455530083937978E-003   9.6793558886211772E-003  -2.3809430667532210E-003  -1.3068354937330041E-004   1.2285880578762410E-003  -2.4026046372425410E-004
   6.0000000000000000        2.2197887462232341E-003   5.3102369920978634E-003   3.6800833430834256E-003   5.9682053204587124E-003  -1.2835125316296651E-003   8.3943329854413497E-005   6.0283379332636716E-004  -2.1731593643741770E-004
   6.2999999999999998        1.0695649569485938E-003   2.9743540267218220E-003   1.8812291953906881E-003   3.4140938808653780E-003  -6.3324024924112088E-004   1.3760097801032001E-004   2.8406704098391764E-004  -1.6300850183995156E-004
   6.5999999999999996        5.0470893632716541E-004   1.6523194064741525E-003   9.0676306079719767E-004   1.8722180443418556E-003  -2.9774323172344387E-004   1.2132930767532537E-004   1.3125865028391001E-004  -1.1104130848066629E-004
   6.8999999999999995        2.3638624342785906E-004   9.1958080282273714E-004   4.2396637336640459E-004   1.0094432212731396E-003  -1.3717781462860922E-004   8.8494240010086997E-005   6.0299857643380949E-005  -7.1722391581625024E-005
   7.1999999999999993        1.1076699268645432E-004   5.1535987930472827E-004   1.9579463441798215E-004   5.4338726328504968E-004  -6.2907435229426134E-005   5.9218217929026531E-005   2.7763215661645495E-005  -4.4948534889976215E-005
   7.5000000000000000        5.2154497723725620E-005   2.9145542507430294E-004   9.0248565722391113E-005   2.9438992612009326E-004  -2.8942765798630538E-005   3.7899006358620516E-005   1.2865287253192093E-005  -2.7686333583744031E-005
   7.7999999999999998        2.4729377513134776E-005   1.6641297698516934E-004   4.1757018807498121E-005   1.6110431714974602E-004  -1.3410123065464395E-005   2.3664635794220409E-005   6.0120696499786262E-006  -1.6886963932090063E-005
   8.0999999999999996        1.1819296118117260E-005   9.5902152587815001E-005   1.9451280817871155E-005   8.9168318610197277E-005  -6.2674392981306662E-006   1.4570714073304207E-005   2.8353221881802857E-006  -1.0245127049963860E-005
   8.4000000000000004        5.6957991687979433E-006   5.5747169955060787E-005   9.1348150432760063E-006   4.9917273173258804E-005  -2.9563020225593843E-006   8.9002126996449838E-006   1.3495409310492646E-006  -6.1995381854729642E-006
   8.6999999999999993        2.7674250840267602E-006   3.2662582275580393E-005   4.3272661762349764E-006   2.8248321123434072E-005  -1.4073491996519341E-006   5.4129973949235371E-006   6.4812536452118200E-007  -3.7482778746702434E-006
   9.0000000000000000        1.3553439702822644E-006   1.9274853848300680E-005   2.0678373837646494E-006   1.6147087897412703E-005  -6.7595724864629513E-007   3.2853263041658163E-006   3.1393171139037506E-007  -2.2668261217255975E-006
   9.2999999999999989        6.6885477364773479E-007   1.1448401766504158E-005   9.9661491294277478E-007   9.3149983764856309E-006  -3.2742525540082066E-007   1.9927564347356184E-006   1.5328516167366030E-007  -1.3722442304022669E-006
   9.5999999999999996        3.3247832837364624E-007   6.8397565634347975E-006   4.8429693725742535E-007   5.4186603186476936E-006  -1.5987060400087751E-007   1.2091417473944386E-006   7.5410772508052287E-008  -8.3190462370656404E-007
   9.9000000000000004        1.6641065278972212E-007   4.1080652400190479E-006   2.3719732505826154E-007   3.1759887018642084E-006  -7.8645196060278594E-008   7.3437660266453573E-007   3.7361156136774284E-008  -5.0521168555505093E-007
   10.199999999999999        8.3834959441641344E-008   2.4792624306840795E-006   1.1704515568462642E-007   1.8742688161473771E-006  -3.8959420329202055E-008   4.4663975066385538E-007   1.8631920879485064E-008  -3.0740452134777092E-007
   10.500000000000000        4.2495367517643313E-008   1.5028298347352537E-006   5.8166756059162137E-008   1.1129382339817066E-006  -1.9426299620193495E-008   2.7208736118832068E-007   9.3488043797793552E-009  -1.8742586152792197E-007
   10.799999999999999        2.1666272915857518E-008   9.1461018437161621E-007   2.9101209675244555E-008   6.6458119044013559E-007  -9.7458320704213029E-009   1.6605205471187436E-007   4.7178157874449588E-009  -1.1451256071313175E-007
   11.100000000000000        1.1107465704331721E-008   5.5867357246248613E-007   1.4652315601181046E-008   3.9888087474710384E-007  -4.9173028699038292E-009   1.0153306294685774E-007   2.3936027507129852E-009  -7.0111091517895529E-008
   11.400000000000000        5.7240582457746448E-009   3.4241321329359492E-007   7.4218619147835010E-009   2.4052650324543332E-007  -2.4943417234716201E-009   6.2204169735671603E-008   1.2205138254340884E-009  -4.3015465372394843E-008
   11.699999999999999        2.9643498429122669E-009   2.1052450912796884E-007   3.7808686178236399E-009   1.4565877171354840E-007  -1.2716301580391627E-009   3.8184479975194601E-008   6.2528620499783689E-010  -2.6445590179079116E-008
   12.000000000000000        1.5423282191508901E-009   1.2981263524534145E-007   1.9364726297391262E-009   8.8555189558782247E-008  -6.5134148811412826E-010   2.3485822119860445E-008   3.2176446333786945E-010  -1.6291223391478066E-008
   12.299999999999999        8.0600692269654264E-010   8.0261432093562954E-008   9.9689411185253588E-010   5.4033418304071903E-008  -3.3510290206006633E-010   1.4473212438639130E-008   1.6626793365211717E-010  -1.0055492922233569E-008
   12.600000000000000        4.2297499227561692E-010   4.9750271891944695E-008   5.1569019589210214E-010   3.3079940265695842E-008  -1.7312426188313257E-010   8.9361007297503254E-009   8.6255689881913338E-011  -6.2183809840148750E-009
   12.900000000000000        2.2284870479499420E-010   3.0911048700176717E-008   2.6799221758093334E-010   2.0315009799692372E-008  -8.9793751172792984E-011   5.5275834118881350E-009   4.4914035684738721E-011  -3.8525578968550646E-009
   13.199999999999999        1.1785184917589811E-010   1.9248628793287128E-008   1.3987715724682376E-010   1.2512015345986168E-008  -4.6746525458161671E-011   3.4253469485197800E-009   2.3469588024926537E-011  -2.3910663778454031E-009
   13.500000000000000        6.2547554393326620E-011   1.2011509041820818E-008   7.3310587057933455E-011   7.7270455333250256E-009  -2.4422035656383300E-011   2.1263379759846680E-009   1.2304922005108272E-011  -1.4865412283383708E-009
   13.799999999999999        3.3308398265179252E-011   7.5102768418361398E-009   3.8573726831486457E-011   4.7841265872227841E-009  -1.2801617751253567E-011   1.3221908597211527E-009   6.4718655623934167E-012  -9.2571467483183619E-010
   14.100000000000000        1.7794803423513075E-011   4.7046557122125806E-009   2.0372138096780141E-011   2.9691341689029718E-009  -6.7317149042468820E-012   8.2350352408229542E-010   3.4142094168447112E-012  -5.7738297473846477E-010
   14.399999999999999        9.5358539290427938E-012   2.9523603415502678E-009   1.0797467433481148E-011   1.8468734750310206E-009  -3.5505648752622132E-012   5.1371419146827726E-010   1.8063367341448374E-012  -3.6066901351978342E-010
   14.699999999999999        5.1249293379682554E-012   1.8558325353930132E-009   5.7421224194731951E-012   1.1512603132483020E-009  -1.8780975591918790E-012   3.2095047565908553E-010   9.5829111960570561E-013  -2.2562248397913008E-010
   15.000000000000000        2.7619555152884670E-012   1.1684106142987391E-009   3.0634994569791681E-012   7.1910851002629058E-010  -9.9616311270181960E-013   2.0081252643304066E-010   5.0972110249775476E-013  -1.4133634480284781E-010
   15.299999999999999        1.4924088805572817E-012   7.3671339298006378E-010   1.6394267411618974E-012   4.5005126572576766E-010  -5.2976243311551821E-013   1.2582192423518550E-010   2.7180265574936229E-013  -8.8652309120567423E-011
   15.600000000000000        8.0843636384434344E-013   4.6516270411629129E-010   8.7990052381387815E-013   2.8219272050691960E-010  -2.8243646270783522E-013   7.8942616573427410E-011   1.4528235821956221E-013  -5.5674155315595293E-011
   15.899999999999999        4.3897233287996084E-013   2.9408069808647104E-010   4.7357166110376721E-013   1.7726555417700386E-010  -1.5093958196931046E-013   4.9594528011122991E-011   7.7833056713376850E-014  -3.5002629031574073E-011
   16.199999999999999        2.3889600087098517E-013   1.8613450246953613E-010   2.5556237848023493E-013   1.1155459235152872E-010  -8.0850960985165983E-014   3.1196133143526276E-011   4.1788972059414018E-014  -2.2028087747052827E-011
   16.500000000000000        1.3028875530760968E-013   1.1792750060505672E-010   1.3826819044266664E-013   7.0329953636594267E-011  -4.3403672564741103E-014   1.9646732757765585E-011   2.2483219314695160E-014  -1.3874316520907714E-011
   16.800000000000001        7.1198813689172396E-014   7.4771748356311013E-011   7.4993861823158315E-014   4.4423210360917027E-011  -2.3350111940578054E-014   1.2387394945386152E-011   1.2119995047556785E-014  -8.7439957678713372E-012
   17.099999999999998        3.8979638436257344E-014   4.7431308809284214E-011   4.0774095512892477E-014   2.8116078345067669E-011  -1.2587416205809754E-014   7.8189098371500313E-012   6.5453211889084266E-015  -5.5123783352016163E-012
   17.399999999999999        2.1375388579852631E-014   3.0089424535723737E-011   2.2222659753189025E-014   1.7835266745087393E-011  -6.7988400818244521E-015   4.9404128825435418E-012   3.5404736310111555E-015  -3.4746308224533223E-012
   17.699999999999999        1.1737543545916977E-014   1.9077237680107203E-011   1.2142079363091833E-014   1.1343793165514072E-011  -3.6791711521092342E-015   3.1246456927623921E-012   1.9176710343645588E-015  -2.1884737755991143E-012
   18.000000000000000        6.4511646277351334E-015   1.2077344623780072E-011   6.6522074360921177E-015   7.2388094290054339E-012  -1.9945646340008049E-015   1.9779687534250584E-012   1.0396416772267591E-015  -1.3760239395680590E-012
   18.300000000000001        3.5464308835280113E-015   7.6239820697423310E-012   3.6559828352179467E-015   4.6391117670426435E-012  -1.0831601429937958E-015   1.2530307711206920E-012   5.6375127952733082E-016  -8.6247438664681072E-013
   18.599999999999998        1.9477189644539132E-015   4.7888583863449329E-012   2.0172962335311561E-015   2.9903013984212639E-012  -5.8916860672746025E-016   7.9420649527558904E-013   3.0540494560693000E-016  -5.3773279899232576E-013
   18.899999999999999        1.0665109710806973E-015   2.9833733617536880E-012   1.1192291073059075E-015   1.9430729961622800E-012  -3.2094089311823925E-016   5.0345814771637375E-013   1.6495747829270375E-016  -3.3238961193795863E-013
   19.199999999999999        5.8019511750672024E-016   1.8339298708839771E-012   6.2605533038518068E-016   1.2770502141495371E-012  -1.7503828222890723E-016   3.1894517324322828E-013   8.8519520835797150E-017  -2.0264375675735886E-013
   19.500000000000000        3.1161267911249156E-016   1.1032235559961715E-012   3.5469827075732490E-016   8.5304582459654700E-013  -9.5522311342889321E-017   2.0160260378368410E-013   4.6896040695434906E-017  -1.2083599461762353E-013
   19.800000000000001        1.6333230473214769E-016   6.4050374211290353E-013   2.0514022591785675E-016   5.8309420914569315E-013  -5.2080577651773000E-017   1.2670679583824855E-013   2.4246081166269049E-017  -6.9497892889276128E-014
   20.099999999999998        8.1721519813699413E-017   3.5012364705904568E-013   1.2266186624487323E-016   4.1160218746356521E-013  -2.8247778833018128E-017   7.8566030260390989E-014   1.1965742950733265E-017  -3.7608441857989367E-014
   20.399999999999999        3.7281088227259503E-017   1.7166499407087075E-013   7.7345175495179905E-017   3.0370911063363963E-013  -1.5047273779024895E-017   4.7168954526324855E-014   5.3839752123009576E-018  -1.8239760748626051E-014
   20.699999999999999        1.3883737767596437E-017   6.7424192013311271E-014   5.3968178245113897E-017   2.3936625538078855E-013  -8.0988775819239803E-018   2.7184222172738997E-014   1.9774331434150856E-018  -7.0803270953787867E-015
   21.000000000000000        2.9191675764429686E-018   1.4647044728446234E-014   3.5649282088262725E-017   1.8522702758815593E-013  -9.6570432838298700E-019   6.6348120156015371E-015   4.1001485773120254E-019  -1.5187737003230123E-015
