nprot,nneut=  28  40
rms_c,rms_p,rms_n,rms_tot=   3.9189       3.8260       3.9995       3.9290    
densities with m. correction:
  i      r          rho-coul        rho-prot       rho-neut       rho-mass
    1  0.000    7.877772902040E-02  9.219450940286E-02  7.165863589806E-02  0.163853145301    
    2  0.300    7.766881909348E-02  8.968748969333E-02  7.438814140412E-02  0.164075631097    
    3  0.600    7.473110395218E-02  8.311306672718E-02  8.155790710869E-02  0.164670973836    
    4  0.900    7.095957822504E-02  7.483529364420E-02  9.053196659541E-02  0.165367260240    
    5  1.200    6.753566733623E-02  6.753620395170E-02  9.817551011381E-02  0.165711714066    
    6  1.500    6.536735021320E-02  6.318149280387E-02  0.102133191660      0.165314684464    
    7  1.800    6.477119285066E-02  6.245568183471E-02  0.101677504059      0.164133185893    
    8  2.100    6.538853848369E-02  6.464132609793E-02  9.780464429433E-02  0.162445970392    
    9  2.400    6.634289158265E-02  6.792592461616E-02  9.251315039917E-02  0.160439075015    
   10  2.700    6.657046130319E-02  7.017376375903E-02  8.757421227995E-02  0.157747976039    
   11  3.000    6.518196711235E-02  6.983816493364E-02  8.354498383540E-02  0.153383148769    
   12  3.300    6.169960154725E-02  6.639728759604E-02  7.968625142621E-02  0.146083539022    
   13  3.600    5.610361901593E-02  6.014557433794E-02  7.467667476662E-02  0.134822249105    
   14  3.900    4.874639221120E-02  5.175359173619E-02  6.748294005095E-02  0.119236531787    
   15  4.200    4.023533357486E-02  4.200822385611E-02  5.788181059669E-02  9.989003445279E-02
   16  4.500    3.133363034040E-02  3.179280744884E-02  4.652436748523E-02  7.831717493407E-02
   17  4.800    2.285612150899E-02  2.211319409533E-02  3.467900434754E-02  5.679219844286E-02
   18  5.100    1.552299602381E-02  1.396032999437E-02  2.380989591956E-02  3.777022591393E-02
   19  5.400    9.790453131456E-03  7.978606118921E-03  1.508206737896E-02  2.306067349788E-02
   20  5.700    5.747952462337E-03  4.184289527083E-03  8.942587360367E-03  1.312687688745E-02
   21  6.000    3.163527739409E-03  2.065633460029E-03  5.081357744952E-03  7.146991204982E-03
   22  6.300    1.648177611190E-03  9.848925482169E-04  2.829768638897E-03  3.814661187114E-03
   23  6.600    8.210200182828E-04  4.622124924485E-04  1.568533043618E-03  2.030745536067E-03
   24  6.900    3.943749129888E-04  2.160215431355E-04  8.728851498990E-04  1.088906693035E-03
   25  7.200    1.837628709944E-04  1.012062565316E-04  4.896714877719E-04  5.908777443034E-04
   26  7.500    8.329473498619E-05  4.769510981916E-05  2.773177033748E-04  3.250128131940E-04
   27  7.800    3.668907165901E-05  2.264617126888E-05  1.585792678786E-04  1.812254391475E-04
   28  8.100    1.560477951235E-05  1.084164475014E-05  9.152085581049E-05  1.023625005606E-04
   29  8.400    6.310913012225E-06  5.233194853193E-06  5.327144754799E-05  5.850464240118E-05
   30  8.700    2.342353043097E-06  2.547224665455E-06  3.124996942619E-05  3.379719409164E-05
   31  9.000    7.232028369599E-07  1.249280625942E-06  1.846089683755E-05  1.971017746349E-05
   32  9.300    1.110936728693E-07  6.176800360118E-07  1.097563240820E-05  1.159331244421E-05
   33  9.600   -8.682148723828E-08  3.073069498980E-07  6.562702336832E-06  6.870009286730E-06
   34  9.900   -1.255810616050E-07  1.541812475794E-07  3.944798756302E-06  4.098980003882E-06
   35 10.200   -1.108806343404E-07  7.763865213146E-08  2.382196336673E-06  2.459834988804E-06
   36 10.500   -8.391738314203E-08  3.952024900360E-08  1.444990339573E-06  1.484510588577E-06
   37 10.800   -5.899123364581E-08  2.006976726910E-08  8.797770296303E-07  8.998467968994E-07
   38 11.100   -3.976371304847E-08  1.038969104017E-08  5.377601639911E-07  5.481498550313E-07
   39 11.400   -2.611519762414E-08  5.280934565475E-09  3.296540628865E-07  3.349349974520E-07
   40 11.700   -1.686056664839E-08  2.806608121378E-09  2.028418232504E-07  2.056484313718E-07
   41 12.000   -1.076261388709E-08  1.400531002045E-09  1.250512438474E-07  1.264517748494E-07
   42 12.300   -6.815776918471E-09  7.865217698506E-10  7.740774590543E-08  7.819426767528E-08
   43 12.600   -4.294307286407E-09  3.651531617807E-10  4.793962366704E-08  4.830477682882E-08
   44 12.900   -2.695337954820E-09  2.351551435291E-10  2.984614138176E-08  3.008129652529E-08
   45 13.200   -1.688564894588E-09  8.644439417542E-11  1.854446770136E-08  1.863091209554E-08
   46 13.500   -1.055836226337E-09  7.985484831133E-11  1.161664652668E-08  1.169650137499E-08
   47 13.800   -6.603085451725E-10  1.217724828175E-11  7.227654181926E-09  7.239831430208E-09
   48 14.100   -4.124149619283E-10  3.372753452696E-11  4.562459029023E-09  4.596186563550E-09
   49 14.400   -2.580865810523E-10 -6.335020815695E-12  2.833198512878E-09  2.826863492062E-09
   50 14.700   -1.612058335961E-10  1.852121019268E-11  1.808865563205E-09  1.827386773397E-09
   51 15.000   -1.011226539581E-10 -9.716240953953E-12  1.114141413885E-09  1.104425172931E-09
   52 15.300   -6.317250510007E-11  1.245634403043E-11  7.251205180547E-10  7.375768620851E-10
   53 15.600   -3.979336196953E-11 -9.165579802699E-12  4.376054555660E-10  4.284398757633E-10
   54 15.900   -2.483438244557E-11  9.319897229801E-12  2.950231866560E-10  3.043430838858E-10
   55 16.200   -1.575059158450E-11 -7.760719937661E-12  1.702498592156E-10  1.624891392779E-10
   56 16.500   -9.790037696001E-12  7.270996660146E-12  1.227224284298E-10  1.299934250900E-10
   57 16.800   -6.281046741349E-12 -6.318581351334E-12  6.449769381746E-11  5.817911246612E-11
   58 17.100   -3.863839615429E-12  5.724823161455E-12  5.283569660123E-11  5.856051976268E-11
   59 17.400   -2.529815200719E-12 -5.027951605052E-12  2.289521300985E-11  1.786726140480E-11
   60 17.700   -1.521577905706E-12  4.469750634476E-12  2.393819105754E-11  2.840794169202E-11
   61 18.000   -1.033137163967E-12 -3.907828261026E-12  6.846797790381E-12  2.938969529355E-12
   62 18.300   -5.943324194730E-13  3.411814437758E-12  1.158374595496E-11  1.499556039271E-11
   63 18.600   -4.300978539791E-13 -2.935846317920E-12  9.881238154249E-13 -1.947722502495E-12
   64 18.900   -2.281843446843E-13  2.498406341396E-12  5.977495812726E-12  8.475902154121E-12
   65 19.200   -1.832208241148E-13 -2.083352707387E-12 -8.202817993802E-13 -2.903634506767E-12
   66 19.500   -8.513833415025E-14  1.694148729493E-12  3.166638458248E-12  4.860787187741E-12
   67 19.800   -7.870416741133E-14 -1.324108924084E-12 -1.034698821087E-12 -2.358807745171E-12
   68 20.100   -3.010492490382E-14  9.724626529434E-13  1.543249851581E-12  2.515712504524E-12
   69 20.400   -2.992618717025E-14 -6.357084500047E-13 -6.329240287283E-13 -1.268632478733E-12
   70 20.700   -7.362183451824E-15  3.120402070102E-13  4.502734020001E-13  7.623136090103E-13
   71 21.000   -2.309471977209E-24  8.799724215642E-16  1.191578320073E-15  2.071550741638E-15

