 r rp rn tp tn ssp ssn sp sn d1p d1n d2p d2n
   0.0000000000000000        7.4653589872925391E-002   7.6293410111557589E-002  0.11773286143699785       0.12280058265374372       -1.7621151526912176E-003  -2.5341498617982680E-003   0.0000000000000000        0.0000000000000000        0.0000000000000000        0.0000000000000000        3.7329383066192871E-002   4.2985204211988995E-002
  0.29999999999999999        7.5198567673370145E-002   7.6919488384634332E-002  0.11247405469072237       0.11723702651442099       -7.6571363517092563E-004  -1.4242418727870090E-003  -1.2144712986428900E-004  -1.9236890636314355E-004   3.1882932437176876E-003   3.6841662084849606E-003   2.8076248758468109E-002   3.2576609619136873E-002
  0.59999999999999998        7.6319598778079520E-002   7.8221941120994190E-002   9.8184937938794015E-002  0.10214937555516282        1.6328146089587595E-003   1.2525319966609078E-003   8.5692052700420883E-005  -1.8461333826183600E-005   3.6659610267658709E-003   4.2678481434028697E-003   8.0145058917698020E-003   9.4713693402105632E-003
  0.89999999999999991        7.7048783237219504E-002   7.9084738109581290E-002   7.9844301994973915E-002   8.2834057113143358E-002   3.6414343872510626E-003   3.5150659151111799E-003   6.4882152134005202E-004   5.5509522507146182E-004   4.4828855526543360E-004   6.4734392158892105E-004  -1.6146011999005002E-002  -1.7741882281718920E-002
   1.2000000000000000        7.6257854687363125E-002   7.8251154594882924E-002   6.1853457090933775E-002   6.3964156231296865E-002   4.1923106599209871E-003   4.1887387032965981E-003   1.3123212497882465E-003   1.2490618575833736E-003  -6.2512182442749382E-003  -6.7599556372081810E-003  -3.7254083160563278E-002  -4.0617130958576914E-002
   1.5000000000000000        7.3090776148683423E-002   7.4822758058024089E-002   4.6653234146307780E-002   4.8112288762696187E-002   3.3237225624845514E-003   3.3286890291235670E-003   1.7729948234549095E-003   1.7343411310847628E-003  -1.5094612211256190E-002  -1.6289569122094234E-002  -5.1323853693999173E-002  -5.4841118553859418E-002
   1.7999999999999998        6.7159927749180642E-002   6.8461941002486024E-002   3.5106954231866112E-002   3.6149500233013408E-002   1.7076607248336585E-003   1.6788167456805894E-003   1.8606875926332075E-003   1.8304177279127168E-003  -2.4362795901480720E-002  -2.5962086153131891E-002  -5.6693112102408585E-002  -5.9189383080781990E-002
   2.1000000000000001        5.8605971692281912E-002   5.9413478209945310E-002   2.7155731181131050E-002   2.7951322107087173E-002   9.6061098232546379E-005   4.8148857980994438E-005   1.5807261917389222E-003   1.5474991120682294E-003  -3.2276001484690710E-002  -3.3903991753890458E-002  -5.2991056605749279E-002  -5.4043442786209685E-002
   2.3999999999999999        4.8085484281481614E-002   4.8440425961527485E-002   2.2195078578007364E-002   2.2829903748429383E-002  -9.8102303637401418E-004  -1.0164755580734303E-003   1.0693439571920083E-003   1.0322563326518523E-003  -3.7201281938173958E-002  -3.8547205154287022E-002  -4.0959409290748913E-002  -4.0773650603253372E-002
   2.6999999999999997        3.6688833751977720E-002   3.6705008044361394E-002   1.9204245631229397E-002   1.9701059650769848E-002  -1.3274486723568429E-003  -1.3322609919093221E-003   5.1605844367873948E-004   4.8142532164305183E-004  -3.7943437777329898E-002  -3.8843612810953457E-002  -2.2960134977041476E-002  -2.2042523311377321E-002
   3.0000000000000000        2.5747439204173311E-002   2.5564118233247935E-002   1.6872111562091178E-002   1.7223117320717466E-002  -1.0766976957129390E-003  -1.0545169759798780E-003   8.3060410674218096E-005   5.7908411531199467E-005  -3.4198538495203504E-002  -3.4640459916429361E-002  -3.5332632984760165E-003  -2.4174191385798287E-003
   3.2999999999999998        1.6497987072203069E-002   1.6240022503141303E-002   1.4025096590385904E-002   1.4225029932888938E-002  -5.7138778537723473E-004  -5.3920925511969655E-004  -1.5457111010879379E-004  -1.6734382830863137E-004  -2.6992930250898529E-002  -2.7075901265138678E-002   1.1265007346688356E-002   1.2168585562008557E-002
   3.5999999999999996        9.6734494260169741E-003   9.4261973309124215E-003   1.0360672063513232E-002   1.0431983789181211E-002  -1.4203640311820964E-004  -1.1571400680755395E-004  -2.2023578292355533E-004  -2.2265556575917550E-004  -1.8555830150219027E-002  -1.8431539697219494E-002   1.7120886437769284E-002   1.7623148143159430E-002
   3.8999999999999999        5.2714644299617251E-003   5.0748853801765182E-003   6.6372072732217612E-003   6.6287691516948534E-003   7.4439843225945079E-005   8.8906446963925499E-005  -1.9056113616459011E-004  -1.8704698546787358E-004  -1.1218144088344355E-002  -1.1025030499324040E-002   1.5105932743274209E-002   1.5257742843355824E-002
   4.2000000000000002        2.7362466070310447E-003   2.5965641595198192E-003   3.7577471433841653E-003   3.7181668879163665E-003   1.2469406018301730E-004   1.2952108380736172E-004  -1.3400031239370845E-004  -1.2845755275389499E-004  -6.1414709295830507E-003  -5.9627753984341312E-003   1.0091249122846015E-002   1.0055466179704674E-002
   4.5000000000000000        1.3856832383553010E-003   1.2930669295670185E-003   1.9609732705508829E-003   1.9192230650924176E-003   1.0382596082254193E-004   1.0349325607507933E-004  -8.4475955941125771E-005  -7.9140444969516303E-005  -3.1659749828266770E-003  -3.0308428896767391E-003   5.7511819866167364E-003   5.6583809948381279E-003
   4.7999999999999998        6.9649523966455805E-004   6.3764116039929225E-004   9.8138710867853689E-004   9.4821421171766734E-004   7.0042445832429491E-005   6.7829012618097367E-005  -5.0167779041060071E-005  -4.5892091056925042E-005  -1.5888035095255777E-003  -1.4965808115554899E-003   3.0204634598117214E-003   2.9318307520173341E-003
   5.0999999999999996        3.5096342920586603E-004   3.1453579004856082E-004   4.8359588811562967E-004   4.6031692005325499E-004   4.3054296492509497E-005   4.0612882962636088E-005  -2.8835857810355074E-005  -2.5723725713625381E-005  -7.9226809925258689E-004  -7.3277574546596052E-004   1.5308782821650219E-003   1.4637807820901609E-003
   5.3999999999999995        1.7818076812764391E-004   1.5600596497191923E-004   2.3809957222121906E-004   2.2280969774837237E-004   2.5276717120493589E-005   2.3228752606187303E-005  -1.6284000905879093E-005  -1.4146380717305568E-005  -3.9662405071631932E-004  -3.5948043076406756E-004   7.6747552025134829E-004   7.2157441366383257E-004
   5.7000000000000002        9.1332623369300039E-005   7.7978049825490879E-005   1.1799043729507183E-004   1.0833004629717185E-004   1.4487550148359779E-005   1.2961653367624377E-005  -9.1106445532133886E-006  -7.6969889843450550E-006  -2.0023863825012125E-004  -1.7750733189439674E-004   3.8523784931241561E-004   3.5547043358384850E-004
   6.0000000000000000        4.7295375550779081E-005   3.9308789365375382E-005   5.9042980788367766E-005   5.3084839083433223E-005   8.1973541597195730E-006   7.1329647139225878E-006  -5.0742558255422527E-006  -4.1635475613641362E-006  -1.0211981138458733E-004  -8.8384454418091263E-005   1.9470444012281365E-004   1.7599387549938983E-004
   6.2999999999999998        2.4739386291383593E-005   1.9984780016038156E-005   2.9869769889079624E-005   2.6251803209507606E-005   4.6066385675074700E-006   3.8943821155383267E-006  -2.8212602952882301E-006  -2.2455249908196418E-006  -5.2629126849332728E-005  -4.4398079730422233E-005   9.9317211971272022E-005   8.7784164864863161E-005
   6.5999999999999996        1.3066192488826543E-005   1.0243842401425963E-005   1.5279050043792868E-005   1.3104574289524320E-005   2.5800901450970554E-006   2.1167409977550070E-006  -1.5685088081189834E-006  -1.2095988128605323E-006  -2.7403062975949144E-005  -2.2497288252508476E-005   5.1168118155452011E-005   4.4149418673184744E-005
   6.8999999999999995        6.9640155312774823E-006   5.2915611434155083E-006   7.8997166104941301E-006   6.6017167711981767E-006   1.4432154417915898E-006   1.1478154782171668E-006  -8.7286473718352750E-007  -6.5148888747664021E-007  -1.4408608114000658E-005  -1.1495010203752628E-005   2.6625333950198495E-005   2.2390330867353718E-005
   7.1999999999999993        3.7434361833470850E-006   2.7532760934246718E-006   4.1261021547165629E-006   3.3547838254279225E-006   8.0730033374895640E-007   6.2177027643071931E-007  -4.8651640100200960E-007  -3.5108866784054858E-007  -7.6462626381588959E-006  -5.9196296559127582E-006   1.3988035599422418E-005   1.1447439317239200E-005
   7.5000000000000000        2.0283250579502933E-006   1.4422862855372794E-006   2.1757888212751747E-006   1.7187700122177610E-006   4.5196489381330208E-007   3.3675824185396965E-007  -2.7171200673279887E-007  -1.8939404352154339E-007  -4.0928808188531120E-006  -3.0709252969290113E-006   7.4159986779755194E-006   5.8978150298805677E-006
   7.7999999999999998        1.1072141995810488E-006   7.6031029968605342E-007   1.1576495525226766E-006   8.8733049989763295E-007   2.5337943668832431E-007   1.8246859122922087E-007  -1.5208456701140643E-007  -1.0230172421089453E-007  -2.2086099022750723E-006  -1.6040690133731131E-006   3.9655344544383000E-006   3.0606337038409342E-006
   8.0999999999999996        6.0861060902039023E-007   4.0316586245099751E-007   6.2111042604714616E-007   4.6136641131459509E-007   1.4229367081101505E-007   9.8948595345550950E-008  -8.5327209450076089E-008  -5.5341290894379706E-008  -1.2008560369903079E-006  -8.4325266221042422E-007   2.1375854764091808E-006   1.5990842984581123E-006
   8.4000000000000004        3.3671624009811911E-007   2.1496115687762230E-007   3.3585859060921088E-007   2.4148632286001254E-007   8.0065299768411980E-008   5.3715386044551569E-008  -4.7989748982569555E-008  -2.9985936058490617E-008  -6.5755648070823438E-007  -4.4595313665028079E-007   1.1609580126551918E-006   8.4077986452862063E-007
   8.6999999999999993        1.8742311525196333E-007   1.1520272702735643E-007   1.8294570407665835E-007   1.2718441687245408E-007   4.5144871640308376E-008   2.9196732108656633E-008  -2.7057085821825537E-008  -1.6274940119077413E-008  -3.6245102036147127E-007  -2.3716335572751769E-007   6.3500390165005027E-007   4.4470025743540160E-007
   9.0000000000000000        1.0491757998327644E-007   6.2036508237934920E-008   1.0033789946602137E-007   6.7374263985225624E-008   2.5510189581689615E-008   1.5891661685049869E-008  -1.5292727708173207E-008  -8.8485386761394695E-009  -2.0102882092305410E-007  -1.2678736770306659E-007   3.4963354188112080E-007   2.3651706241108805E-007
   9.2999999999999989        5.9045001402945022E-008   3.3556753952561842E-008   5.5385876550082993E-008   3.5884825318120449E-008   1.4447026292963117E-008   8.6624056388344542E-009  -8.6646481849744599E-009  -4.8192633873501730E-009  -1.1214809327815532E-007  -6.8112924135247694E-008   1.9370915662293637E-007   1.2644906513539726E-007
   9.5999999999999996        3.3395084628967190E-008   1.8227896010305085E-008   3.0757583800030857E-008   1.9210326625888784E-008   8.1999025111905933E-009   4.7289330419155568E-009  -4.9211125483820581E-009  -2.6293352117637876E-009  -6.2906247868130834E-008  -3.6759875498406941E-008   1.0795022452805021E-007   6.7933817630304006E-008
   9.9000000000000004        1.8976288218848253E-008   9.9403560932093577E-009   1.7177687745418054E-008   1.0333022749420532E-008   4.6644607860774089E-009   2.5855612226210719E-009  -2.8015739220147460E-009  -1.4370153263406371E-009  -3.5466510220829164E-008  -1.9924385711552036E-008   6.0489566602342170E-008   3.6664262539506519E-008
   10.199999999999999        1.0830366835773260E-008   5.4408771573799965E-009   9.6446748462422006E-009   5.5829060966546824E-009   2.6591784435812325E-009   1.4158521403279350E-009  -1.5986170560681627E-009  -7.8671454778202062E-010  -2.0092320006701869E-008  -1.0842921964591051E-008   3.4070475443901059E-008   1.9873060896052525E-008
   10.500000000000000        6.2066958523785459E-009   2.9883916907484340E-009   5.4422916893742458E-009   3.0291031291505818E-009   1.5192631909126788E-009   7.7651792611804191E-010  -9.1425138326177609E-010  -4.3142053245235423E-010  -1.1434091606580499E-008  -5.9231142809983109E-009   1.9283377823023500E-008   1.0815284387313064E-008
   10.799999999999999        3.5706977213362295E-009   1.6466998631454743E-009   3.0854409928384708E-009   1.6499741260163915E-009   8.6984337905156694E-010   4.2653112966897880E-010  -5.2401020424002411E-010  -2.3697248191951464E-010  -6.5345292928089185E-009  -3.2470974168966828E-009   1.0964022712140577E-008   5.9082161037475708E-009
   11.100000000000000        2.0616650870417964E-009   9.1014915092709125E-010   1.7570006551715636E-009   9.0208070086180160E-010   4.9905957636741537E-010   2.3464314826830519E-010  -3.0098182891192472E-010  -1.3037455571858171E-010  -3.7493555156763582E-009  -1.7860250221852729E-009   6.2606723709169116E-009   3.2390724335974225E-009
   11.400000000000000        1.1944261671913588E-009   5.0448753963730662E-010   1.0046885072221542E-009   4.9490446389502655E-010   2.8691037899094143E-010   1.2927453955633916E-010  -1.7323692201500744E-010  -7.1840455333173454E-011  -2.1593557612032041E-009  -9.8545867858453840E-010   3.5894314850903484E-009   1.7817124424699968E-009
   11.699999999999999        6.9420327565446618E-010   2.8038318255007372E-010   5.7675102820108569E-010   2.7240419225156429E-010   1.6527262143241804E-010   7.1327106913209875E-011  -9.9911056975856811E-011  -3.9646932912549193E-011  -1.2480131611897853E-009  -5.4533733419394674E-010   2.0657606698024064E-009   9.8314998186366623E-010
   12.000000000000000        4.0468397056912156E-010   1.5622335903367187E-010   3.3230885685257612E-010   1.5039627918843942E-010   9.5388061754179834E-011   3.9411238580851338E-011  -5.7734185970453364E-011  -2.1912761031869142E-011  -7.2368534023874866E-010  -3.0261504020228031E-010   1.1931256786345421E-009   5.4410791900197302E-010
   12.299999999999999        2.3657489434712364E-010   8.7250109196220684E-011   1.9213097538164176E-010   8.3274320343565073E-011   5.5157293229973337E-011   2.1807004382559904E-011  -3.3425105081954741E-011  -1.2128698757271355E-011  -4.2094955526863183E-010  -1.6836108449424518E-010   6.9143647868146446E-010   3.0196481753263038E-010
   12.600000000000000        1.3866634159211286E-010   4.8837097534691300E-011   1.1144637624005083E-010   4.6233911633811765E-011   3.1952508501944134E-011   1.2082823938149249E-011  -1.9386840761110096E-011  -6.7226976011369786E-012  -2.4557234958958352E-010  -9.3896831702548553E-011   4.0196837247971246E-010   1.6802013023304575E-010
   12.900000000000000        8.1480642805470645E-011   2.7392994737511528E-011   6.4843176417474220E-011   2.5734473242307052E-011   1.8542890067808805E-011   6.7038319660838360E-012  -1.1264466098939341E-011  -3.7313673457248816E-012  -1.4365560881889577E-010  -5.2487347413427162E-011   2.3438176413389777E-010   9.3719954138950820E-011
   13.199999999999999        4.7990416758398103E-011   1.5395037493173299E-011   3.7836789025933660E-011   1.4358499470831716E-011   1.0779482081835642E-011   3.7243079183977060E-012  -6.5562994339633363E-012  -2.0738174031986160E-012  -8.4253668472662057E-011  -2.9403113194039269E-011   1.3704775033804614E-010   5.2396818735005983E-011
   13.500000000000000        2.8327687425430149E-011   8.6680795524144002E-012   2.2138224660880428E-011   8.0293465102618277E-012   6.2768855312561109E-012   2.0716735578284436E-012  -3.8223225780677844E-012  -1.1540758864894413E-012  -4.9534991474207331E-011  -1.6504843290508137E-011   8.0346079918207604E-011   2.9357575403738603E-011
   13.799999999999999        1.6755905053372236E-011   4.8889835524556263E-012   1.2986180192607363E-011   4.4995693541662890E-012   3.6609562282124969E-012   1.1538141882316579E-012  -2.2319914163623067E-012  -6.4304756250261905E-013  -2.9189764090864838E-011  -9.2823279726478373E-012   4.7220997689089078E-011   1.6482456796050846E-011
   14.100000000000000        9.9305184724100162E-012   2.7619990575994117E-012   7.6360067019248759E-012   2.5265467363485792E-012   2.1385894521452062E-012   6.4339082844523615E-013  -1.3053619122892451E-012  -3.5874056780033453E-013  -1.7237983103089593E-011  -5.2297537913470205E-012   2.7817655252128419E-011   9.2716674948774227E-012
   14.399999999999999        5.8962158613504287E-012   1.5627742361855919E-012   4.5002633132285938E-012   1.4213434035334430E-012   1.2511857597661204E-012   3.5918986536389899E-013  -7.6457379001077529E-013  -2.0036900740805262E-013  -1.0200596043612249E-011  -2.9514743062434201E-012   1.6423358064872421E-011   5.2249110299269054E-012
   14.699999999999999        3.5069130603782064E-012   8.8551867110339557E-013   2.6579151399582035E-012   8.0101225872410229E-013   7.3308946352273618E-013   2.0075643112930928E-013  -4.4847137997703694E-013  -1.1204110105507885E-013  -6.0477966745938857E-012  -1.6683523356503652E-012   9.7163779285009130E-012   2.9494380242615786E-012
   15.000000000000000        2.0892075141218430E-012   5.0244796296380496E-013   1.5729865778760111E-012   4.5217275302731595E-013   4.3014282312051735E-013   1.1233037662093241E-013  -2.6342278802806041E-013  -6.2719847554635638E-014  -3.5921447274263384E-012  -9.4446939117241107E-013   5.7596520631397131E-012   1.6676162833130030E-012
   15.299999999999999        1.2465197231193114E-012   2.8545728016642957E-013   9.3270299345623453E-013   2.5565531661305398E-013   2.5273708339316370E-013   6.2920723739836596E-014  -1.5493541652669954E-013  -3.5147715024672800E-014  -2.1372280670092175E-012  -5.3542945392488563E-013   3.4204968741901769E-012   9.4429872641876237E-013
   15.600000000000000        7.4479018201408689E-013   1.6237291691054248E-013   5.5405768172076406E-013   1.4476192939210894E-013   1.4869837711232306E-013   3.5281379112957946E-014  -9.1243183895407197E-014  -1.9716801826385846E-014  -1.2736389413883652E-012  -3.0394580343183583E-013   2.0348761369671738E-012   5.3547804564700932E-013
   15.899999999999999        4.4559544474933857E-013   9.2464336806883695E-014   3.2970437488276229E-013   8.2086391647553065E-014   8.7600201965861245E-014   1.9803390104836061E-014  -5.3798831379058864E-014  -1.1071441880573583E-014  -7.6015220219780900E-013  -1.7275752475725414E-013   1.2125513902265665E-012   3.0405904904113235E-013
   16.199999999999999        2.6691347616017418E-013   5.2709308442046635E-014   1.9652834185215137E-013   4.6609962486958419E-014   5.1670947878195984E-014   1.1126603939364634E-014  -3.1756503172255018E-014  -6.2226895898993337E-015  -4.5433469166679867E-013  -9.8309168132388036E-014   7.2366223135397560E-013   1.7287232803557844E-013
   16.500000000000000        1.6005400420012194E-013   3.0075501544577560E-014   1.1733827885158951E-013   2.6500733103507968E-014   3.0514837060937310E-014   6.2575141925458831E-015  -1.8764432782684611E-014  -3.5005046259219149E-015  -2.7191694823917287E-013  -5.6006469677384438E-014   4.3252164736173546E-013   9.8404218980060985E-014
   16.800000000000001        9.6063547620828807E-014   1.7175240088690187E-014   7.0172510835026896E-014   1.5086896519476482E-014   1.8041792343187510E-014   3.5224445793256116E-015  -1.1097408895809763E-014  -1.9707177886181959E-015  -1.6294710717656570E-013  -3.1940494172921245E-014   2.5886947447738461E-013   5.6078194524428239E-014
   17.099999999999998        5.7697030095597409E-014   9.8150808186159830E-015   4.2036743992125473E-014   8.6002780924527529E-015   1.0679046354850729E-014   1.9846152485523668E-015  -6.5676067102243718E-015  -1.1102114911646731E-015  -9.7762493082571993E-014  -1.8233798121761633E-014   1.5513931788586479E-013   3.1991868419163478E-014
   17.399999999999999        3.4667269159614214E-014   5.6117216568704508E-015   2.5228049568077359E-014   4.9094116107507675E-015   6.3277376028106674E-015   1.1191398775490166E-015  -3.8883794119665888E-015  -6.2573833539282482E-016  -5.8718838835737124E-014  -1.0418793666799070E-014   9.3089361251013766E-014   1.8269447870400903E-014
   17.699999999999999        2.0828751607664196E-014   3.2090273283615104E-015   1.5172064144038546E-014   2.8069025121096411E-015   3.7532232394668650E-015   6.3161581354591336E-016  -2.3020718779173579E-015  -3.5274136487153734E-016  -3.5303986928023788E-014  -5.9584565946356047E-015   5.5922529191044115E-014   1.0443070173192984E-014
   18.000000000000000        1.2505139526016654E-014   1.8344693671310479E-015   9.1477466515514664E-015   1.6078794229616267E-015   2.2282938995383454E-015   3.5675008397180684E-016  -1.3619701917340848E-015  -1.9878654519832336E-016  -2.1245477026958259E-014  -3.4103084581808184E-015   3.3632321931061972E-014   5.9748463145208517E-015
   18.300000000000001        7.4943459677025262E-015   1.0475062413889283E-015   5.5339249834755394E-015   9.2336394910657870E-016   1.3240840502098085E-015   2.0164792033314238E-016  -8.0437262858092424E-016  -1.1190211120304840E-016  -1.2795239607146892E-014  -1.9532436591751078E-015   2.0248404350309799E-014   3.4213946587882380E-015
   18.599999999999998        4.4757413369705724E-015   5.9666341054073466E-016   3.3632719645450154E-015   5.3216504752787660E-016   7.8736588489321413E-016   1.1405269919269045E-016  -4.7343153230679416E-016  -6.2839226422746874E-017  -7.7105769488382837E-015  -1.1193460048717847E-015   1.2203439497098764E-014   1.9608605058880471E-015
   18.899999999999999        2.6564286810243382E-015   3.3825684866938973E-016   2.0577894582178965E-015   3.0836007225807976E-016   4.6844006502783748E-016   6.4540795131333929E-017  -2.7693966007306684E-016  -3.5122388011699513E-017  -4.6477846383361818E-015  -6.4168689535102589E-016   7.3630237251678874E-015   1.1247723934969292E-015
   19.199999999999999        1.5598782484089635E-015   1.9011984291316260E-016   1.2716673148625653E-015   1.8018636175975380E-016   2.7870370176282161E-016   3.6529554883949186E-017  -1.6028744824426433E-016  -1.9463338602281127E-017  -2.8007465658157455E-015  -3.6783739328683674E-016   4.4485317134650063E-015   6.4582419080366856E-016
   19.500000000000000        8.9946595721990620E-016   1.0523052363204433E-016   7.9778172812593372E-016   1.0670847870828000E-016   1.6564870629617728E-016   2.0664235315215196E-017  -9.1105013065877834E-017  -1.0621828449914763E-017  -1.6852036314836931E-015  -2.1066216552162659E-016   2.6932014515308333E-015   3.7135884287738992E-016
   19.800000000000001        5.0272718347179745E-016   5.6667426074583145E-017   5.1197962646574237E-016   6.4559234871234417E-017   9.8110487954990162E-017   1.1661601908889260E-017  -5.0195475687038476E-017  -5.6398994865413448E-018  -1.0097781648807068E-015  -1.2029055460476328E-016   1.6369239256432759E-015   2.1414071785193016E-016
   20.099999999999998        2.6595323486830216E-016   2.9021309838609597E-017   3.3982755123549811E-016   4.0396532279487859E-017   5.7551390461807669E-017   6.5329731029801635E-018  -2.6177996336591269E-017  -2.8480281097552450E-018  -5.9873227681580975E-016  -6.8129647423175288E-017   1.0036747894718637E-015   1.2432110262951475E-016
   20.399999999999999        1.2697786316667430E-016   1.3492129142832375E-017   2.3690375379040889E-016   2.6622938257561628E-017   3.2899025292969904E-017   3.5822665650713827E-018  -1.2321971297768371E-017  -1.3055752935667948E-018  -3.4559348588162565E-016  -3.7728996827284473E-017   6.2835120814995722E-016   7.3474553118367819E-017
   20.699999999999999        4.8907591315835057E-017   5.0948789014691382E-018   1.7892937292969522E-016   1.9250407972826080E-017   1.8433961581793784E-017   1.9595841281993026E-018  -4.6791763318094351E-018  -4.8612725049061789E-019  -1.9413213156793656E-016  -2.0686269978581363E-017   4.1313418336600515E-016   4.5494163510609006E-017
   21.000000000000000        1.0498584225912375E-017   1.0803671556835583E-018   1.3106628459679693E-016   1.3310516059821406E-017   3.5707322510989963E-018   2.9316141058934576E-019  -9.9033774974662572E-019  -1.0164352676369918E-019  -4.2670777254247463E-017  -3.6435431298782533E-018   3.1129358970134058E-016   3.2629772383287799E-017
