nprot,nneut=   8   8
rms_c,rms_p,rms_n,rms_tot=   2.7587       2.6392       2.6139       2.6266    
densities with m. correction:
  i      r          rho-coul        rho-prot       rho-neut       rho-mass
    1  0.000    7.533654738079E-02  7.263178582201E-02  7.392462227826E-02  0.146556408100    
    2  0.300    7.551006850020E-02  7.354658494549E-02  7.499840860811E-02  0.148544993554    
    3  0.600    7.576259268738E-02  7.569120392206E-02  7.749572407050E-02  0.153186927993    
    4  0.900    7.541439292572E-02  7.759544240163E-02  7.969477016803E-02  0.157290212570    
    5  1.200    7.366760087893E-02  7.778551813151E-02  7.993183318712E-02  0.157717351319    
    6  1.500    6.989299928008E-02  7.526656267258E-02  7.715991344602E-02  0.152426476119    
    7  1.800    6.381461526741E-02  6.959773002358E-02  7.101219687058E-02  0.140609926894    
    8  2.100    5.559152046079E-02  6.091098419270E-02  6.176345857061E-02  0.122674442763    
    9  2.400    4.581316233003E-02  4.988809725584E-02  5.023220575303E-02  0.100120303009    
   10  2.700    3.541097859413E-02  3.770768985482E-02  3.768129499423E-02  7.538898484905E-02
   11  3.000    2.547452518487E-02  2.588750815463E-02  2.565352027061E-02  5.154102842524E-02
   12  3.300    1.698024383468E-02  1.594590972955E-02  1.564762552263E-02  3.159353525219E-02
   13  3.600    1.050747536991E-02  8.871495383360E-03  8.603619553782E-03  1.747511493714E-02
   14  3.900    6.095076781890E-03  4.615071981001E-03  4.413875907049E-03  9.028947888050E-03
   15  4.200    3.362510432853E-03  2.325608297601E-03  2.188570742093E-03  4.514179039694E-03
   16  4.500    1.791119715058E-03  1.161048375576E-03  1.072769344350E-03  2.233817719926E-03
   17  4.800    9.335450335832E-04  5.807194283573E-04  5.256643150991E-04  1.106383743456E-03
   18  5.100    4.811397511688E-04  2.928846718599E-04  2.592368678301E-04  5.521215396899E-04
   19  5.400    2.471053503820E-04  1.490516607258E-04  1.287412748144E-04  2.777929355402E-04
   20  5.700    1.271433157733E-04  7.677800332309E-05  6.462124298609E-05  1.413992463092E-04
   21  6.000    6.576183388285E-05  3.987294803333E-05  3.263307726862E-05  7.250602530195E-05
   22  6.300    3.426345249812E-05  2.099073610450E-05  1.669503946689E-05  3.768577557139E-05
   23  6.600    1.799973907637E-05  1.109445757848E-05  8.549998933441E-06  1.964445651192E-05
   24  6.900    9.539271277472E-06  5.965597534404E-06  4.460787466024E-06  1.042638500043E-05
   25  7.200    5.098587055002E-06  3.193370114169E-06  2.303364364934E-06  5.496734479102E-06
   26  7.500    2.748665640602E-06  1.756465649456E-06  1.230379223582E-06  2.986844873038E-06
   27  7.800    1.493101862656E-06  9.445959901199E-07  6.332651381444E-07  1.577861128264E-06
   28  8.100    8.176345776392E-07  5.351159436636E-07  3.509191514850E-07  8.860350951485E-07
   29  8.400    4.505030648740E-07  2.846106374072E-07  1.754144218845E-07  4.600250592917E-07
   30  8.700    2.501868490308E-07  1.692267301318E-07  1.045183094679E-07  2.737450395997E-07
   31  9.000    1.395049907950E-07  8.601148130847E-08  4.755743503688E-08  1.335689163453E-07
   32  9.300    7.848009737659E-08  5.621051007694E-08  3.338136189205E-08  8.959187196899E-08
   33  9.600    4.417009090258E-08  2.518034390003E-08  1.157499566529E-08  3.675533956532E-08
   34  9.900    2.516950414550E-08  2.014406944880E-08  1.205263049335E-08  3.219669994214E-08
   35 10.200    1.424540203347E-08  6.438029299214E-09  1.600719054080E-09  8.038748353293E-09
   36 10.500    8.240122124885E-09  8.152445875048E-09  5.271099653609E-09  1.342354552866E-08
   37 10.800    4.659166739996E-09  7.710626122553E-10 -9.570805151235E-10 -1.860179028681E-10
   38 11.100    2.754964241179E-09  3.915667138188E-09  2.884820571883E-09  6.800487710071E-09
   39 11.400    1.535125705417E-09 -8.047559938427E-10 -1.424814696343E-09 -2.229570690185E-09
   40 11.700    9.446452132383E-10  2.266716142225E-09  1.896090780636E-09  4.162806922862E-09
   41 12.000    5.030854265910E-10 -1.115086362253E-09 -1.338262726340E-09 -2.453349088593E-09
   42 12.300    3.361708261936E-10  1.525722462942E-09  1.391641477031E-09  2.917363939973E-09
   43 12.600    1.591658506363E-10 -1.055239930428E-09 -1.135582593235E-09 -2.190822523662E-09
   44 12.900    1.273879895440E-10  1.129061141207E-09  1.080059674630E-09  2.209120815838E-09
   45 13.200    4.455485478553E-11 -9.066999208297E-10 -9.354124277640E-10 -1.842112348594E-09
   46 13.500    5.369083186488E-11  8.792450067892E-10  8.609642149142E-10  1.740209221703E-09
   47 13.800    7.071501023275E-12 -7.543427146005E-10 -7.643302891876E-10 -1.518673003788E-09
   48 14.100    2.644562891179E-11  7.023623619799E-10  6.952304556391E-10  1.397592817619E-09
   49 14.400   -4.383458845212E-12 -6.204247601668E-10 -6.236191492768E-10 -1.244043909444E-09
   50 14.700    1.552623256230E-11  5.678421488626E-10  5.647951273461E-10  1.132637276209E-09
   51 15.000   -7.126717927605E-12 -5.079046942681E-10 -5.086550030893E-10 -1.016559697357E-09
   52 15.300    1.053592245708E-11  4.612064943241E-10  4.596907090265E-10  9.208972033506E-10
   53 15.600   -7.053531667268E-12 -4.143877998428E-10 -4.142876705537E-10 -8.286754703965E-10
   54 15.900    7.820395790472E-12  3.744897262586E-10  3.735810407625E-10  7.480707670211E-10
   55 16.200   -6.163016926579E-12 -3.364916194734E-10 -3.361277148028E-10 -6.726193342762E-10
   56 16.500    6.061058898718E-12  3.026932859201E-10  3.020565485164E-10  6.047498344365E-10
   57 16.800   -5.118190165975E-12 -2.711004362030E-10 -2.706889895782E-10 -5.417894257811E-10
   58 17.100    4.761228695982E-12  2.423699156715E-10  2.418825464055E-10  4.842524620771E-10
   59 17.400   -4.124340943423E-12 -2.156332771270E-10 -2.152531640703E-10 -4.308864411972E-10
   60 17.700    3.719618126871E-12  1.909942571171E-10  1.906100860182E-10  3.816043431353E-10
   61 18.000   -3.232049599750E-12 -1.680208389718E-10 -1.676995210077E-10 -3.357203599795E-10
   62 18.300    2.844639035033E-12  1.466444154663E-10  1.463445586356E-10  2.929889741019E-10
   63 18.600   -2.441746032520E-12 -1.266140009846E-10 -1.263595132213E-10 -2.529735142059E-10
   64 18.900    2.087687839701E-12  1.078187752118E-10  1.075940400314E-10  2.154128152432E-10
   65 19.200   -1.739432488672E-12 -9.009080255031E-11 -8.990381622317E-11 -1.799946187735E-10
   66 19.500    1.418505555851E-12  7.331897571564E-11  7.316363677355E-11  1.464826124892E-10
   67 19.800   -1.108507646011E-12 -5.737847364156E-11 -5.725691958936E-11 -1.146353932309E-10
   68 20.100    8.156295164144E-13  4.216924171984E-11  4.207889068235E-11  8.424813240219E-11
   69 20.400   -5.333289891331E-13 -2.759164173864E-11 -2.753251007625E-11 -5.512415181489E-11
   70 20.700    2.623937974406E-13  1.355779370742E-11  1.352860065191E-11  2.708639435933E-11
   71 21.000   -3.319140981039E-23  1.603937821108E-14  1.597766648655E-14  3.201704469763E-14

