nprot,nneut=   8  16
rms_c,rms_p,rms_n,rms_tot=   2.7769       2.7036       3.1633       3.0178    
densities with m. correction:
  i      r          rho-coul        rho-prot       rho-neut       rho-mass
    1  0.000    5.903550474598E-02  4.581472483542E-02  0.138534830155      0.184349554991    
    2  0.300    5.999474468593E-02  4.817385439584E-02  0.135170866961      0.183344721357    
    3  0.600    6.240023124293E-02  5.438789197259E-02  0.126223794364      0.180611686336    
    4  0.900    6.501554943231E-02  6.199632861300E-02  0.114663820744      0.176660149357    
    5  1.200    6.632284356560E-02  6.776170652724E-02  0.103737543922      0.171499250450    
    6  1.500    6.512138086439E-02  6.923216208075E-02  9.518602908319E-02  0.164418191164    
    7  1.800    6.094547479892E-02  6.578641804602E-02  8.864554810452E-02  0.154431966151    
    8  2.100    5.410625788884E-02  5.837789401396E-02  8.241111170676E-02  0.140789005721    
    9  2.400    4.543538984737E-02  4.857835331864E-02  7.472199789092E-02  0.123300351210    
   10  2.700    3.596129422390E-02  3.784425146260E-02  6.471972162084E-02  0.102563973083    
   11  3.000    2.668009290521E-02  2.733894968354E-02  5.272050414202E-02  8.005945382556E-02
   12  3.300    1.842558056075E-02  1.803334437285E-02  3.994358655896E-02  5.797693093181E-02
   13  3.600    1.176891830222E-02  1.070234034171E-02  2.798748480165E-02  3.868982514336E-02
   14  3.900    6.930348490978E-03  5.702150292972E-03  1.822134536413E-02  2.392349565711E-02
   15  4.200    3.768583813081E-03  2.779304362177E-03  1.123686317027E-02  1.401616753244E-02
   16  4.500    1.901307184576E-03  1.276626528170E-03  6.736537191027E-03  8.013163719197E-03
   17  4.800    8.931623070329E-04  5.668750853000E-04  4.008632203407E-03  4.575507288707E-03
   18  5.100    3.895462584036E-04  2.475221764750E-04  2.397538873677E-03  2.645061050152E-03
   19  5.400    1.548945036868E-04  1.073910298533E-04  1.450108141002E-03  1.557499170855E-03
   20  5.700    5.290340637874E-05  4.655696598380E-05  8.890248181942E-04  9.355817841780E-04
   21  6.000    1.213528243524E-05  2.024489124058E-05  5.526370749300E-04  5.728819661706E-04
   22  6.300   -2.141490715039E-06  8.835613736164E-06  3.480942989104E-04  3.569299126465E-04
   23  6.600   -5.794061811998E-06  3.881549151075E-06  2.219411971719E-04  2.258227463230E-04
   24  6.900   -5.655221221622E-06  1.710377285809E-06  1.430698628940E-04  1.447802401798E-04
   25  7.200   -4.470549842732E-06  7.614742035069E-07  9.314420208027E-05  9.390567628377E-05
   26  7.500   -3.234819194960E-06  3.379129936839E-07  6.117523271143E-05  6.151314570511E-05
   27  7.800   -2.237623697782E-06  1.532330702043E-07  4.049867900136E-05  4.065191207156E-05
   28  8.100   -1.510546788512E-06  6.774405383730E-08  2.699798259329E-05  2.706572664713E-05
   29  8.400   -1.006377572548E-06  3.185086054553E-08  1.811374171588E-05  1.814559257643E-05
   30  8.700   -6.662559060711E-07  1.352082439990E-08  1.222051043905E-05  1.223403126345E-05
   31  9.000   -4.401064154068E-07  7.021039609085E-09  8.288397634506E-06  8.295418674115E-06
   32  9.300   -2.909145307239E-07  2.502396860574E-09  5.646241047320E-06  5.648743444180E-06
   33  9.600   -1.927188416549E-07  1.777217922109E-09  3.863722692325E-06  3.865499910247E-06
   34  9.900   -1.281262411747E-07  2.805396926474E-10  2.653025562159E-06  2.653306101851E-06
   35 10.200   -8.550993100904E-08  6.028832760978E-10  1.829019216657E-06  1.829622099933E-06
   36 10.500   -5.733655350111E-08 -1.331061634854E-10  1.264147359690E-06  1.264014253526E-06
   37 10.800   -3.860440813966E-08  3.017643884503E-10  8.770550598438E-07  8.773568242322E-07
   38 11.100   -2.612250405912E-08 -1.796569636289E-10  6.094732846653E-07  6.092936277016E-07
   39 11.400   -1.774163938592E-08  1.997558877936E-10  4.251921135264E-07  4.253918694142E-07
   40 11.700   -1.211081392247E-08 -1.581291845458E-10  2.967767296312E-07  2.966186004466E-07
   41 12.000   -8.290226927855E-09  1.498273540003E-10  2.080766438572E-07  2.082264712112E-07
   42 12.300   -5.704731496118E-09 -1.293822862251E-10  1.457390961082E-07  1.456097138220E-07
   43 12.600   -3.931444371339E-09  1.177346483389E-10  1.026614668531E-07  1.027792015015E-07
   44 12.900   -2.725191088002E-09 -1.045095880976E-10  7.208350803512E-08  7.197899844703E-08
   45 13.200   -1.888378318865E-09  9.425699412516E-11  5.101661781723E-08  5.111087481136E-08
   46 13.500   -1.317910992949E-09 -8.449575523180E-11  3.586732168796E-08  3.578282593273E-08
   47 13.800   -9.169660017145E-10  7.614461206870E-11  2.551511492878E-08  2.559125954085E-08
   48 14.100   -6.442226238055E-10 -6.854107758463E-11  1.793306005999E-08  1.786451898240E-08
   49 14.400   -4.493517876763E-10  6.181333548097E-11  1.283505563887E-08  1.289686897435E-08
   50 14.700   -3.179204182499E-10 -5.573908347614E-11  8.997651645162E-09  8.941912561686E-09
   51 15.000   -2.218630100755E-10  5.028794227379E-11  6.490794678969E-09  6.541082621243E-09
   52 15.300   -1.582558972501E-10 -4.535694925757E-11  4.522683917324E-09  4.477326968066E-09
   53 15.600   -1.101962467623E-10  4.089465777094E-11  3.298418050392E-09  3.339312708162E-09
   54 15.900   -7.942471450814E-11 -3.683865556137E-11  2.272105559349E-09  2.235266903787E-09
   55 16.200   -5.497032363508E-11  3.314358317762E-11  1.683400470129E-09  1.716544053307E-09
   56 16.500   -4.018704303983E-11 -2.976574695268E-11  1.136719171607E-09  1.106953424654E-09
   57 16.800   -2.749149023206E-11  2.666909671516E-11  8.620396875808E-10  8.887087842960E-10
   58 17.100   -2.050825778603E-11 -2.382105727913E-11  5.630130556058E-10  5.391919983266E-10
   59 17.400   -1.375691926777E-11  2.119350440837E-11  4.419999316854E-10  4.631934360937E-10
   60 17.700   -1.056433582271E-11 -1.876140750619E-11  2.733263349717E-10  2.545649274655E-10
   61 18.000   -6.874589752282E-12  1.650273636006E-11  2.258548782834E-10  2.423576146434E-10
   62 18.300   -5.498505539592E-12 -1.439787733081E-11  1.277464154045E-10  1.133485380737E-10
   63 18.600   -3.426803041044E-12  1.242937712911E-11  1.138027153253E-10  1.262320924544E-10
   64 18.900   -2.891130376662E-12 -1.058160220166E-11  5.551696917043E-11  4.493536696876E-11
   65 19.200   -1.705378755362E-12  8.840512648090E-12  5.519959579351E-11  6.404010844160E-11
   66 19.500   -1.523594416921E-12 -7.193426271520E-12  2.078417223082E-11  1.359074595930E-11
   67 19.800   -8.421106331318E-13  5.628842006941E-12  2.428714103520E-11  2.991598304214E-11
   68 20.100   -7.610704515843E-13 -4.136269848234E-12  5.426212503002E-12  1.289942654768E-12
   69 20.400   -3.680392521351E-13  2.706085139439E-12  7.978884553626E-12  1.068496969306E-11
   70 20.700   -2.380297850238E-13 -1.329402620773E-12  4.288318362808E-13 -9.005707844923E-13
   71 21.000    6.080718705261E-24 -2.038897279885E-15 -2.503520933818E-15 -4.542418213702E-15

