 r rp rn tp tn ssp ssn sp sn d1p d1n d2p d2n
   0.0000000000000000        7.4270922509008713E-002   8.4724301845350666E-002   4.1804358064861678E-002   9.6969794532400969E-002   2.0269811433628991E-004   1.9893996705206377E-002   0.0000000000000000        0.0000000000000000        0.0000000000000000        0.0000000000000000       -5.9461421188990796E-002   2.0091577792227221E-002
  0.29999999999999999        7.3399478862996498E-002   8.5015944597584825E-002   4.3302780894974260E-002   9.6774760421876424E-002  -8.8694462615786541E-006   1.8654892271216538E-002   7.7958708279106370E-006   1.9172915444927972E-003  -5.6240367084989919E-003   1.8527095709345096E-003  -5.4116085812364899E-002   1.7506136680494659E-002
  0.59999999999999998        7.1071925896764934E-002   8.5753043385393371E-002   4.7385914576073482E-002   9.6336822756004775E-002  -6.2486197678337510E-004   1.5171504226437670E-002  -5.9251901978488988E-005   3.4019343328185133E-003  -9.3838508044919947E-003   2.8018273806384580E-003  -3.9114398218756591E-002   1.0300835120945567E-002
  0.89999999999999991        6.8054038115642632E-002   8.6576122462562230E-002   5.2940752739056962E-002   9.6261543406670383E-002  -1.5332223711734074E-003   1.0385227715477504E-002  -2.6278018024428423E-004   4.1555680095029142E-003  -1.0111717930560198E-002   2.4239795209437631E-003  -1.9490844301378329E-002   2.0875230203995431E-003
   1.2000000000000000        6.5289259426348958E-002   8.7119146194871461E-002   5.8431806589171409E-002   9.7070754318659802E-002  -2.4949791890433643E-003   5.5358844698152375E-003  -6.2612811589927682E-004   4.1120084987274963E-003  -7.8177218672691971E-003   1.0790313001251570E-003  -1.3127450873628883E-003  -3.4067019543264506E-003
   1.5000000000000000        6.3540331649685394E-002   8.7218440798011998E-002   6.2358406117297753E-002   9.8785369194342096E-002  -3.1847701396072584E-003   1.7906871343658401E-003  -1.1098547462684003E-003   3.4556091720689629E-003  -3.6536315713077850E-003  -3.1813972401714848E-004   1.0239333816055733E-002  -4.0673752678664285E-003
   1.7999999999999998        6.3106072891276135E-002   8.7007077388540952E-002   6.3801793761295231E-002  0.10078390595038136       -3.3366607328109811E-003  -1.6784897774620297E-004  -1.6106920450109689E-003   2.5451305343770249E-003   5.7458422680810707E-004  -8.3891031917357581E-004   1.2868716874338548E-002  -5.8870766544945601E-004
   2.1000000000000001        6.3741619491768070E-002   8.6824875018379891E-002   6.2844295368897726E-002  0.10213070136419927       -2.9049003780864209E-003  -3.9786954711732337E-004  -2.0014218926400133E-003   1.7609946369131373E-003   3.2277222554312835E-003  -1.3899630930572923E-004   8.1525147417332577E-003   3.9527293392047861E-003
   2.3999999999999999        6.4831058946501180E-002   8.6990697106839474E-002   6.0524676012929914E-002  0.10219275702977024       -2.0697734104423576E-003   3.7487725623264895E-004  -2.1894548287965266E-003   1.3398706748753188E-003   3.5874164647807642E-003   1.3068173346933178E-003   5.2008101094369727E-004   6.1526782668243872E-003
   2.6999999999999997        6.5720419971933133E-002   8.7587785257900799E-002   5.8290955576720711E-002  0.10106950693416955       -1.0595862812737419E-003   1.1677194555098783E-003  -2.1443335730646509E-003   1.2835565636655740E-003   2.0914063282412459E-003   2.5226475199637858E-003  -5.3463110242211445E-003   4.4811176636061420E-003
   3.0000000000000000        6.6021777459385894E-002   8.8405816899812278E-002   5.7313299208807136E-002   9.9518731388432702E-002   4.2697347000031751E-005   1.2733573696449953E-003  -1.8711656972051609E-003   1.3956798505849373E-003  -5.7365227941575138E-005   2.6608410438689750E-003  -6.8210570624800560E-003  -3.6854987574145518E-005
   3.2999999999999998        6.5738304813177301E-002   8.9064302290292705E-002   5.8020837911836119E-002   9.8475521728120477E-002   1.3389011568565043E-003   6.2389317705104433E-004  -1.3588210888293535E-003   1.4264955058627216E-003  -1.5966401523992545E-003   1.4940640775824125E-003  -4.0880402226952843E-003  -4.8315048468950701E-003
   3.5999999999999996        6.5180652497044189E-002   8.9223805608046408E-002   5.9953118955051968E-002   9.8458088183910011E-002   2.9905110598968348E-003  -1.8324180837842009E-004  -5.4986307740664700E-004   1.2489273231343666E-003  -1.8307739137238541E-003  -5.0972761260687036E-004   4.4586465111716455E-004  -7.4989713806766873E-003
   3.8999999999999999        6.4739324821836808E-002   8.8753064244477153E-002   6.1904339705339789E-002   9.9123936532177354E-002   5.0244947929192979E-003  -2.0794526998044627E-004   6.4134266319418581E-004   9.7587473765046019E-004  -9.4795712604241232E-004  -2.5320873871520458E-003   3.4328023427001248E-003  -7.2774474692011261E-003
   4.2000000000000002        6.4620723618067824E-002   8.7750931938672602E-002   6.2389456054857212E-002   9.9225692373198768E-002   7.1795841153981989E-003   1.2705022459381613E-003   2.2645783485412537E-003   9.4823886131789072E-004   6.9287676469843509E-005  -3.9824188600118054E-003   2.2388953392438854E-003  -5.6594595374796445E-003
   4.5000000000000000        6.4671519435119063E-002   8.6396827529049619E-002   6.0341158614530502E-002   9.7139241969756054E-002   8.9038033354523587E-003   4.2061559946290281E-003   4.2525462886028823E-003   1.5712056835382930E-003  -6.2367373959816097E-005  -4.9881703963498662E-003  -3.5843838937898278E-003  -5.6068192630240252E-003
   4.7999999999999998        6.4388773768010790E-002   8.4710619780668628E-002   5.5632412984352869E-002   9.1752477289389817E-002   9.5666758184683644E-003   7.6264048182647284E-003   6.3753974222144211E-003   3.0633191385474627E-003  -2.2596099352156810E-003  -6.4347060269875772E-003  -1.2105208824207224E-002  -9.4938081028530467E-003
   5.0999999999999996        6.3108248567635875E-002   8.2387980407304870E-002   4.9027454612818447E-002   8.3083828547068250E-002   8.7836524057546723E-003   1.0067698998452201E-002   8.2782773067156534E-003   5.2682844684838080E-003  -6.6487770987778746E-003  -9.4411068263246401E-003  -2.0387274181880553E-002  -1.7225916890347481E-002
   5.3999999999999995        6.0249152444978769E-002   7.8845096661869882E-002   4.1675516942655685E-002   7.2192422108243046E-002   6.6200416816354184E-003   1.0359530715408349E-002   9.5934896802789549E-003   7.6647905029501914E-003  -1.2611625150232323E-002  -1.4607617641980132E-002  -2.6092115380881714E-002  -2.6118576835756635E-002
   5.7000000000000002        5.5490146406463235E-002   7.3460627153428340E-002   3.4610674762086853E-002   6.0590236629861530E-002   3.5503084624870030E-003   8.2249019526732074E-003   1.0063115419530319E-002   9.5768382774858198E-003  -1.9111460063151283E-002  -2.1547503501039338E-002  -2.7979877980476620E-002  -3.2421388701679973E-002
   6.0000000000000000        4.8845807019466017E-002   6.5879217260784856E-002   2.8515290760365200E-002   4.9644553081622057E-002   2.6420367640610449E-004   4.3585082927387522E-003   9.6132718445495185E-003   1.0457159705693766E-002  -2.4974949599298808E-002  -2.8938769859384331E-002  -2.5507287967611165E-002  -3.3105116378928212E-002
   6.2999999999999998        4.0682741390878456E-002   5.6231957802366256E-002   2.3671438184695633E-002   4.0222726927318091E-002  -2.5354957216834838E-003   4.1455337969220889E-005   8.3667278437547232E-003   1.0094649937633062E-002  -2.9032575671844727E-002  -3.4967574155792512E-002  -1.8552423530706477E-002  -2.6933719324362691E-002
   6.5999999999999996        3.1699730877776215E-002   4.5195313347156769E-002   1.9952117374595405E-002   3.2562640202157489E-002  -4.3012713759522179E-003  -3.4292214021531694E-003   6.6071820524716291E-003   8.6652455771011414E-003  -3.0271850453170039E-002  -3.7918672075447704E-002  -7.8454464326528639E-003  -1.4802325864571182E-002
   6.8999999999999995        2.2838809691585801E-002   3.3872662805256658E-002   1.6849348107838714E-002   2.6305938229973798E-002  -4.7965170266987840E-003  -5.2373454441933349E-003   4.7041563595445687E-003   6.6290288179219805E-003  -2.8173048348678186E-002  -3.6763038736991271E-002   4.2643748945074451E-003   2.6385707652784758E-004
   7.1999999999999993        1.5073015056536887E-002   2.3512076755519754E-002   1.3703214002290992E-002   2.0749053127651088E-002  -4.1984526063158006E-003  -5.3077520579750412E-003   3.0051118906289482E-003   4.5303829707759452E-003  -2.3148071536006700E-002  -3.1657583787208676E-002   1.3888843671865752E-002   1.3546701273747368E-002
   7.5000000000000000        9.0919888762052807E-003   1.5113004522438677E-002   1.0206047047534228E-002   1.5390348298562669E-002  -3.0248357265362808E-003  -4.2230154093292104E-003   1.7263127420449639E-003   2.7874401483069505E-003  -1.6646109753127594E-002  -2.4096140847492006E-002   1.7648866705781002E-002   2.0510532390984413E-002
   7.7999999999999998        5.0582218843561481E-003   9.0853487185641128E-003   6.7323590005744756E-003   1.0407524235995898E-002  -1.8455166905696927E-003  -2.8033977073049785E-003   9.0397438584061639E-004   1.5708265996669882E-003  -1.0506553610025943E-002  -1.6292966605088090E-002   1.5512612628446984E-002   2.0000444196688165E-002
   8.0999999999999996        2.6464594253992175E-003   5.2049455605827164E-003   3.9339816814187066E-003   6.3909017472586309E-003  -9.8716656289082449E-004  -1.6278351500846151E-003   4.4172516913168735E-004   8.3137586501014725E-004  -5.9369432021421469E-003  -9.9871935867370185E-003   1.0668855461109312E-002   1.5069558851583075E-002
   8.4000000000000004        1.3323724461817689E-003   2.9022848389891869E-003   2.0931083484393405E-003   3.6422759057431215E-003  -4.8293409429559935E-004  -8.6687544893062208E-004   2.0670928799573540E-004   4.2409423500743058E-004  -3.1031364148199495E-003  -5.7280294006959147E-003   6.2256294318785432E-003   9.6340243921506814E-003
   8.6999999999999993        6.5818889852197122E-004   1.6023903980925227E-003   1.0503493673480666E-003   1.9860233428846182E-003  -2.2476563563590270E-004  -4.4098558408257595E-004   9.4636180476605171E-005   2.1278854023301145E-004  -1.5513842041478610E-003  -3.1722618118754185E-003   3.2916561275995121E-003   5.6037042612765500E-003
   9.0000000000000000        3.2334876268999308E-004   8.8581326114784884E-004   5.1150178995432334E-004   1.0622230458764436E-003  -1.0233844648721975E-004  -2.2028185024627509E-004   4.3004605774746497E-005   1.0638896189222327E-004  -7.6058114353831077E-004  -1.7355227527878869E-003   1.6525175365326966E-003   3.1115910703048717E-003
   9.2999999999999989        1.5925309239730987E-004   4.9331546060351629E-004   2.4627198702413847E-004   5.6620462336935272E-004  -4.6326861819886224E-005  -1.0970918820403961E-004   1.9563597288836719E-005   5.3382643668253868E-005  -3.7119476340810608E-004  -9.5042489202655229E-004   8.1084307536932905E-004   1.6977205453521992E-003
   9.5999999999999996        7.8978113922395973E-005   2.7756724911352651E-004   1.1851668804996233E-004   3.0346503782837639E-004  -2.1024868014990022E-005  -5.4880605371713319E-005   8.9507144673759570E-006   2.6972892889738416E-005  -1.8179336837131753E-004  -5.2444692236549759E-004   3.9525230895026204E-004   9.2456748670656974E-004
   9.9000000000000004        3.9524856650376167E-005   1.5795191311353160E-004   5.7352596874910888E-005   1.6427185096977307E-004  -9.6049379803518230E-006  -2.7661772314955229E-005   4.1277633734918522E-006   1.3741564071484433E-005  -8.9706234082041970E-005  -2.9244989352602668E-004   1.9309274138158385E-004   5.0658260358468147E-004
   10.199999999999999        1.9979002851266352E-005   9.0913801743762338E-005   2.7995588871138652E-005   8.9989149327503456E-005  -4.4249301229344641E-006  -1.4063314393611829E-005   1.9204951564835752E-006   7.0601741235394643E-006  -4.4684013259468103E-005  -1.6497242908653642E-004   9.4968957181124390E-005   2.8029747061284767E-004
   10.500000000000000        1.0202646523623807E-005   5.2907498339098489E-005   1.3804654109352110E-005   4.9917462588073136E-005  -2.0571166846105965E-006  -7.2120516504937140E-006   9.0162925714010593E-007   3.6571386517624442E-006  -2.2484846268143385E-005  -9.4148212110920090E-005   4.7128799912833061E-005   1.5685432840928433E-004
   10.799999999999999        5.2628806424622089E-006   3.1112675629592654E-005   6.8801354725876489E-006   2.8035249251718456E-005  -9.6511418492375155E-007  -3.7290899756515997E-006   4.2703361899681032E-007   1.9090736714635146E-006  -1.1431338768476416E-005  -5.4335667783880141E-005   2.3620933918921236E-005   8.8803974611299105E-005
   11.100000000000000        2.7413255452591850E-006   1.8476467799486391E-005   3.4659351797795557E-006   1.5934773765028518E-005  -4.5682662560151196E-007  -1.9428856186240996E-006   2.0395120023480644E-007   1.0038986150055826E-006  -5.8707893452391788E-006  -3.1693719535402326E-005   1.1960043727349184E-005   5.0853758524510017E-005
   11.400000000000000        1.4412545908644595E-006   1.1073961448834044E-005   1.7643892569776405E-006   9.1602328159276494E-006  -2.1806554079956333E-007  -1.0193183488370322E-006   9.8170846297889732E-008   5.3169352280600419E-007  -3.0446679639239785E-006  -1.8671968354827393E-005   6.1171879430890067E-006   2.9440279179869583E-005
   11.699999999999999        7.6447975370284928E-007   6.6951752204779453E-006   9.0731222106118823E-007   5.3221987493957542E-006  -1.0491923030574853E-007  -5.3820504459075749E-007   4.7595598136760777E-008   2.8366316955273849E-007  -1.5938430921276008E-006  -1.1103278934387093E-005   3.1595696602933036E-006   1.7219084151090165E-005
   12.000000000000000        4.0891898013784264E-007   4.0814210749036745E-006   4.7110418084919754E-007   3.1232380312361037E-006  -5.0851460542866537E-008  -2.8588949430307468E-007   2.3227388857960759E-008   1.5254259911050050E-007  -8.4181897336153498E-007  -6.6602740212307488E-006   1.6473760301318864E-006   1.0167968630680972E-005
   12.299999999999999        2.2047579110561180E-007   2.5079489718369622E-006   2.4687336889671882E-007   1.8499886527264786E-006  -2.4812354246585506E-008  -1.5276413984190443E-007   1.1402368669460588E-008   8.2791336462271928E-008  -4.4839782958695146E-007  -4.0278979552462209E-006   8.6668205207162787E-007   6.0579804391899303E-006
   12.600000000000000        1.1977119418808444E-007   1.5531379361368729E-006   1.3050521822646324E-007   1.1054203425212248E-006  -1.2180834581618290E-008  -8.2139596003914851E-008   5.6267018285841349E-009   4.5446597039640285E-008  -2.4076271403510083E-007  -2.4547849117487570E-006   4.5987318788172034E-007   3.6393436399368414E-006
   12.900000000000000        6.5529652617808812E-008   9.6934274922992555E-007   6.9563718393995506E-008   6.6596946986793227E-007  -6.0124628452488820E-009  -4.4480193297795447E-008   2.7891344593837263E-009   2.5309277760481494E-008  -1.3026078617112151E-007  -1.5071028963961508E-006   2.4600250302278093E-007   2.2033178866160297E-006
   13.199999999999999        3.6095642761781192E-008   6.0979697634290319E-007   3.7372536909991567E-008   4.0435037364485690E-007  -2.9820027264951355E-009  -2.4297286912062007E-008   1.3877778589340666E-009   1.4358159132922058E-008  -7.0984708202026248E-008  -9.3188139134858505E-007   1.3261207577437513E-007   1.3436221221967625E-006
   13.500000000000000        2.0010209911223015E-008   3.8679172051134620E-007   2.0228374750610387E-008   2.4733437447871773E-007  -1.4850708740181666E-009  -1.3422242538088955E-008   6.9256936504460528E-010   8.3386375980677075E-009  -3.8947639470511436E-008  -5.8024868369577124E-007   7.2010662780421866E-008   8.2497869414671092E-007
   13.799999999999999        1.1160602062692514E-008   2.4750271524314310E-007   1.1026621498623360E-008   1.5237842553823941E-007  -7.4209195835052650E-010  -7.5256514740466793E-009   3.4636063049041708E-010   4.9834317871652251E-009  -2.1508592064028541E-008  -3.6384085973328426E-007   3.9374842361042483E-008   5.0983440464181576E-007
   14.100000000000000        6.2608291189405045E-009   1.5988392173662046E-007   6.0512098630207714E-009   9.4539334967329577E-008  -3.7179687636867722E-010  -4.3030735190137481E-009   1.7342210632371690E-010   3.0788055171831654E-009  -1.1951348980942213E-008  -2.2978885824867345E-007   2.1671923763412275E-008   3.1705179172630702E-007
   14.399999999999999        3.5315278540238361E-009   1.0436168118492025E-007   3.3420734261985178E-009   5.9066994633447005E-008  -1.8660645163150136E-010  -2.5232937605576902E-009   8.6840733397766429E-011   1.9718991596304002E-009  -6.6798296357444177E-009  -1.4622458900367577E-007   1.2003035704217081E-008   1.9837291556250260E-007
   14.699999999999999        2.0024725732655441E-009   6.8903337740787338E-008   1.8570763424117497E-009   3.7168782304389194E-008  -9.3737479211919268E-011  -1.5262396589933700E-009   4.3434912417216502E-011   1.3095972550129782E-009  -3.7543603490768333E-009  -9.3805010785351461E-008   6.6875609067707015E-009   1.2487337963899714E-007
   15.000000000000000        1.1411363859727298E-009   4.6066563689710621E-008   1.0379093078909465E-009   2.3563886154619196E-008  -4.7075944284499264E-011  -9.5683970862923633E-010   2.1666671810701736E-011   8.9957280762661010E-010  -2.1213667569803314E-009  -6.0712825318201078E-008   3.7471799839583746E-009   7.9091832911163682E-008
   15.299999999999999        6.5339463120825321E-010   3.1221020602208568E-008   5.8329806672204291E-010   1.5058259617489240E-008  -2.3606650642613949E-011  -6.2338038087733589E-010   1.0758781606704454E-011   6.3609286373941290E-010  -1.2047579049305648E-009  -3.9684101841732416E-008   2.1109948105953307E-009   5.0416230289828476E-008
   15.600000000000000        3.7582464269469960E-010   2.1469315221813874E-008   3.2954790205288942E-010   9.7071675259748122E-009  -1.1801899640272691E-011  -4.2187243826348400E-010   5.3050888070041632E-012   4.6028192816789989E-010  -6.8752771134092485E-010  -2.6227806378298797E-008   1.1953887676553059E-009   3.2356664868963148E-008
   15.899999999999999        2.1710708479133385E-010   1.4988116627850019E-008   1.8713248625091912E-010   6.3190914114274526E-009  -5.8710253587684598E-012  -2.9555608563332168E-010   2.5891467512599797E-012   3.3877740873201741E-010  -3.9418103725170695E-010  -1.7551845347776760E-008   6.8025459822777032E-010   2.0920795604823797E-008
   16.199999999999999        1.2593577546470374E-010   1.0623434856717860E-008   1.0678243023973311E-010   4.1596402128980842E-009  -2.8988740701784334E-012  -2.1317254951699017E-010   1.2449341984372268E-012   2.5222775831655734E-010  -2.2700263251890545E-010  -1.1911045691333403E-008   3.8893926918489825E-010   1.3639061552239566E-008
   16.500000000000000        7.3335427474431023E-011   7.6406209334367682E-009   6.1221200297735277E-011   2.7735857410718480E-009  -1.4158452954904076E-012  -1.5728376206323557E-010   5.8567984162672248E-013   1.8907005112501541E-010  -1.3128508270136247E-010  -8.2088843659442748E-009   2.2338499870954567E-010   8.9758215164506849E-009
   16.800000000000001        4.2860861227536268E-011   5.5691141553081132E-009   3.5261863138897059E-011   1.8771885776186042E-009  -6.8070240989054263E-013  -1.1798247012578169E-010   2.6660427077478303E-013   1.4214547149151824E-010  -7.6238297955715231E-011  -5.7528195283891966E-009   1.2885692690874047E-010   5.9713771984208209E-009
   17.099999999999998        2.5134068618898787E-011   4.1055347339714229E-009   2.0402621739466755E-011   1.2926459002999016E-009  -3.1977382374502731E-013  -8.9498173118934394E-011   1.1511977916300955E-013   1.0684395259572268E-010  -4.4445894296237075E-011  -4.1031705752581430E-009   7.4639385499871100E-011   4.0230657828328848E-009
   17.399999999999999        1.4782777261020620E-011   3.0528955631962025E-009   1.1859279769544416E-011   9.0794854730897106E-010  -1.4500973049566361E-013  -6.8360379459223343E-011   4.5241347522668415E-014   8.0075350317108632E-011  -2.6008784307310204E-011  -2.9792999426757787E-009   4.3407507462040747E-011   2.7506524297501804E-009
   17.699999999999999        8.7159752087592496E-012   2.2822862674707920E-009   6.9262019111868734E-012   6.5216134345756794E-010  -6.2077060990585158E-014  -5.2400134424210040E-011   1.4433707055276222E-014   5.9689432366627616E-011  -1.5274522052750628E-011  -2.2010837327087691E-009   2.5341547708394324E-011   1.9131273092398584E-009
   18.000000000000000        5.1477374527366590E-012   1.7086062169358648E-009   4.0659351159360549E-012   4.8012030426670036E-010  -2.3893695578346317E-014  -4.0203299783865066E-011   1.8712812928921152E-015   4.4141303429385900E-011  -9.0011934244694051E-012  -1.6522255391309924E-009   1.4849558988230742E-011   1.3570231410977049E-009
   18.300000000000001        3.0420295425293581E-012   1.2751214016402879E-009   2.4008274358566217E-012   3.6291139398209206E-010  -7.1360213858709459E-015  -3.0807763433122867E-011  -2.4919926459311742E-015   3.2292508485487785E-011  -5.3214906095936538E-012  -1.2571562864954771E-009   8.7328256341479959E-012   9.8416199099190682E-010
   18.599999999999998        1.7955082592713379E-012   9.4358857742373970E-010   1.4276679347756406E-012   2.8191762435500665E-010  -3.7389670797440618E-016  -2.3532830856148000E-011  -3.3984334877872046E-015   2.3288359861658519E-011  -3.1554439463521363E-012  -9.6642329599437507E-010   5.1537151138698878E-012   7.3143747884049777E-010
   18.899999999999999        1.0555078555738313E-012   6.8790778275750717E-010   8.5671840641626906E-013   2.2507958822901072E-010   1.9080975948696778E-015  -1.7880695269871847E-011  -3.0147903240122509E-015   1.6479081424242742E-011  -1.8759644236751113E-012  -7.4740734580700885E-010   3.0521601134765774E-012   5.5808721898858507E-010
   19.199999999999999        6.1516216396013091E-013   4.9002113145336822E-010   5.2048271361315223E-013   1.8453561240319943E-010   2.3117398249982345E-015  -1.3477628891883178E-011  -2.2805946234823931E-015   1.1366927000264864E-011  -1.1175199729620203E-012  -5.7839797136666961E-010   1.8142368879301868E-012   4.3764763823445801E-010
   19.500000000000000        3.5273270527010102E-013   3.3724827878254667E-010   3.2176653516742723E-013   1.5512581331310858E-010   2.0228186120635286E-015  -1.0037431203341488E-011  -1.5669246250281884E-015   7.5692938703506082E-012  -6.6621982461388100E-013  -4.4479423100017561E-010   1.0830914034489635E-012   3.5284853687297065E-010
   19.800000000000001        1.9637895950476605E-013   2.2054524254406588E-010   2.0397894477432730E-013   1.3343914332494962E-010   1.5522154108145112E-015  -7.3376589619591817E-012  -9.9299424971424304E-016   4.7921210664001992E-012  -3.9640153850659175E-013  -3.3665610320352477E-010   6.5062146196461325E-013   2.9236137438887026E-010
   20.099999999999998        1.0363358854088361E-013   1.3335990308371967E-010   1.3407888275271682E-013   1.1719706003657790E-010   1.0981983553823148E-015  -5.2034453818260412E-012  -5.7469112192154474E-016   2.8102024836380574E-012  -2.3389008151064694E-013  -2.4711735755293158E-010   3.9518644573125834E-013   2.4872459982763341E-010
   20.399999999999999        4.9414768750121266E-014   7.0876097395441170E-011   9.2804238534066179E-014   1.0494817282791007E-010   7.2045117025554093E-016  -3.4958966518815109E-012  -2.9179089563938867E-016   1.4523576483084863E-012  -1.3460702189385690E-013  -1.7134381777611451E-010   2.4569920168499230E-013   2.1706025439689424E-010
   20.699999999999999        1.9023472671271368E-014   2.9517604784102363E-011   6.9801685501985120E-014   9.5215396249932777E-011   4.3263633817919162E-016  -2.1466311869304453E-012  -1.1667137816564241E-016   5.9022959582219110E-013  -7.5552428973947511E-014  -1.0705249542383606E-010   1.6087757542216378E-013   1.9469668407762620E-010
   21.000000000000000        4.0833113657527652E-015   6.6446001411395348E-012   5.0934704445613972E-014   8.6692980484773451E-011   1.3633636515293311E-016  -7.5663529516462042E-013  -2.5445534577343727E-017   1.3016272769675872E-013  -1.6497836054038124E-014  -4.2761173071557600E-011   1.2107827105351197E-013   1.8302711373023070E-010
