nprot,nneut=  82 114
rms_c,rms_p,rms_n,rms_tot=   5.4547       5.3963       5.4982       5.4558    
densities with m. correction:
  i      r          rho-coul        rho-prot       rho-neut       rho-mass
    1  0.000    7.059936210144E-02  7.475204320425E-02  8.455539261806E-02  0.159307435822    
    2  0.300    7.011257025978E-02  7.383411897248E-02  8.487288089574E-02  0.158706999868    
    3  0.600    6.881360043229E-02  7.138622991578E-02  8.566865575562E-02  0.157054885671    
    4  0.900    6.712336932820E-02  6.821081412202E-02  8.655886799942E-02  0.154769682121    
    5  1.200    6.555823424090E-02  6.529991176432E-02  8.714711724479E-02  0.152447029009    
    6  1.500    6.453276060179E-02  6.345787371292E-02  8.725231662698E-02  0.150710190340    
    7  1.800    6.421171271686E-02  6.300235948601E-02  8.701283584260E-02  0.150015195329    
    8  2.100    6.447408361956E-02  6.367601596939E-02  8.679348874714E-02  0.150469504717    
    9  2.400    6.500169824477E-02  6.482706322038E-02  8.694104639991E-02  0.151768109620    
   10  2.700    6.544443137354E-02  6.576365634402E-02  8.755129076923E-02  0.153314947113    
   11  3.000    6.557752855782E-02  6.607683403553E-02  8.840557418409E-02  0.154482408220    
   12  3.300    6.537633941098E-02  6.577130567317E-02  8.910262862553E-02  0.154873934299    
   13  3.600    6.497978362074E-02  6.517690813659E-02  8.928355272883E-02  0.154460460865    
   14  3.900    6.456668142206E-02  6.471093356308E-02  8.881068214521E-02  0.153521615708    
   15  4.200    6.420637148631E-02  6.460114746803E-02  8.779464357589E-02  0.152395791044    
   16  4.500    6.375660529778E-02  6.469802954063E-02  8.643886114429E-02  0.151136890685    
   17  4.800    6.286109228533E-02  6.448297833834E-02  8.478275594574E-02  0.149265734284    
   18  5.100    6.104980376102E-02  6.326805068650E-02  8.252144779339E-02  0.145789498480    
   19  5.400    5.789431117012E-02  6.045399079430E-02  7.904952442429E-02  0.139503515219    
   20  5.700    5.315310469879E-02  5.571002268906E-02  7.371560597687E-02  0.129425628666    
   21  6.000    4.686328622622E-02  4.904665069001E-02  6.614025616149E-02  0.115186906852    
   22  6.300    3.936565129728E-02  4.082933237776E-02  5.644478305292E-02  9.727411543069E-02
   23  6.600    3.126254351448E-02  3.176209204358E-02  4.531257454022E-02  7.707466658380E-02
   24  6.900    2.330577780856E-02  2.280506941957E-02  3.387055207210E-02  5.667562149167E-02
   25  7.200    1.622190110992E-02  1.496239345752E-02  2.340411483678E-02  3.836650829430E-02
   26  7.500    1.052047662362E-02  8.951752535183E-03  1.494983192962E-02  2.390158446480E-02
   27  7.800    6.372512000584E-03  4.936133564920E-03  8.927527201331E-03  1.386366076625E-02
   28  8.100    3.629763578344E-03  2.563482873482E-03  5.087305624015E-03  7.650788497497E-03
   29  8.400    1.963093202622E-03  1.284364795201E-03  2.827673621337E-03  4.112038416539E-03
   30  8.700    1.018796088165E-03  6.329143731927E-04  1.559166946161E-03  2.192081319354E-03
   31  9.000    5.123956366484E-04  3.106805155808E-04  8.618482002104E-04  1.172528715791E-03
   32  9.300    2.518217942297E-04  1.530395578300E-04  4.802440939046E-04  6.332836517346E-04
   33  9.600    1.217051821115E-04  7.594899292419E-05  2.704474265204E-04  3.463964194446E-04
   34  9.900    5.809779344678E-05  3.804454493795E-05  1.540494636373E-04  1.920940085752E-04
   35 10.200    2.746265098822E-05  1.925070865966E-05  8.875361687276E-05  1.080043255324E-04
   36 10.500    1.286409597846E-05  9.841032426387E-06  5.169810026252E-05  6.153913268890E-05
   37 10.800    5.964742881915E-06  5.081605909111E-06  3.042769295605E-05  3.550929886516E-05
   38 11.100    2.728710436644E-06  2.649464748535E-06  1.808402394314E-05  2.073348869168E-05
   39 11.400    1.223845483378E-06  1.394285732228E-06  1.084670382280E-05  1.224098955503E-05
   40 11.700    5.319954347009E-07  7.401808366715E-07  6.562185765801E-06  7.302366602473E-06
   41 12.000    2.192489094854E-07  3.962716461775E-07  4.002885393740E-06  4.399157039917E-06
   42 12.300    8.157221256011E-08  2.137962962666E-07  2.461124354117E-06  2.674920650383E-06
   43 12.600    2.358357907042E-08  1.162465940768E-07  1.525018008442E-06  1.641264602518E-06
   44 12.900    1.058974407824E-09  6.362522858718E-08  9.522978949074E-07  1.015923123495E-06
   45 13.200   -6.257130027774E-09  3.508507163550E-08  5.994150124038E-07  6.345000840393E-07
   46 13.500   -7.463305416756E-09  1.944678175072E-08  3.804025608256E-07  3.998493425763E-07
   47 13.800   -6.522291505945E-09  1.086536880198E-08  2.435654888101E-07  2.544308576121E-07
   48 14.100   -5.068567438749E-09  6.086773858933E-09  1.574241829414E-07  1.635109568003E-07
   49 14.400   -3.711233172926E-09  3.445385128720E-09  1.028322303891E-07  1.062776155178E-07
   50 14.700   -2.625389410105E-09  1.945282581672E-09  6.793159617143E-08  6.987687875310E-08
   51 15.000   -1.818655922895E-09  1.117297640531E-09  4.545899591163E-08  4.657629355216E-08
   52 15.300   -1.243302426040E-09  6.326146672800E-10  3.082650897306E-08  3.145912364034E-08
   53 15.600   -8.434184091646E-10  3.706307665182E-10  2.122259922563E-08  2.159322999215E-08
   54 15.900   -5.697131943793E-10  2.082674529851E-10  1.482275383875E-08  1.503102129173E-08
   55 16.200   -3.844514475164E-10  1.261422906507E-10  1.052090075032E-08  1.064704304097E-08
   56 16.500   -2.596879088434E-10  6.875370118610E-11  7.568417406258E-09  7.637171107444E-09
   57 16.800   -1.760904353230E-10  4.440987632278E-11  5.525343502398E-09  5.569753378721E-09
   58 17.100   -1.200253210757E-10  2.230077329448E-11  4.072239501657E-09  4.094540274952E-09
   59 17.400   -8.250965019893E-11  1.644440947918E-11  3.033550281345E-09  3.049994690824E-09
   60 17.700   -5.725721953357E-11  6.762144621270E-12  2.265794803880E-09  2.272556948501E-09
   61 18.000   -4.027962390054E-11  6.572277274188E-12  1.699611506201E-09  1.706183783475E-09
   62 18.300   -2.873135407752E-11  1.637482680142E-12  1.266217784711E-09  1.267855267391E-09
   63 18.600   -2.088282779839E-11  2.905635003300E-12  9.390551159006E-10  9.419607509039E-10
   64 18.900   -1.543749208918E-11  5.624323327110E-14  6.826448484803E-10  6.827010917135E-10
   65 19.200   -1.164621192136E-11  1.413937205303E-12  4.874249199104E-10  4.888388571157E-10
   66 19.500   -8.889391193373E-12 -3.153329859970E-13  3.338798048889E-10  3.335644719029E-10
   67 19.800   -6.812890128408E-12  7.064724085636E-13  2.187646532959E-10  2.194711257044E-10
   68 20.100   -5.072100849090E-12 -2.772516543358E-13  1.310997014900E-10  1.308224498357E-10
   69 20.400   -3.456227492701E-12  2.942325441443E-13  6.930559655536E-11  6.959982909950E-11
   70 20.700   -1.757093262427E-12 -1.028209825472E-13  2.845693669462E-11  2.835411571207E-11
   71 21.000    1.473419941786E-24 -6.216330261103E-16 -6.197319846022E-16 -1.241365010713E-15

