nprot,nneut=  82 126
rms_c,rms_p,rms_n,rms_tot=   5.5083       5.4534       5.6132       5.5507    
densities with m. correction:
  i      r          rho-coul        rho-prot       rho-neut       rho-mass
    1  0.000    7.130285105339E-02  8.045842916104E-02  7.748736819509E-02  0.157945797356    
    2  0.300    7.054592185605E-02  7.877748937091E-02  7.938498790551E-02  0.158162477276    
    3  0.600    6.853356421453E-02  7.435219595353E-02  8.433484667890E-02  0.158687042632    
    4  0.900    6.592839198529E-02  6.872675353330E-02  9.044866753567E-02  0.159175421069    
    5  1.200    6.352131756489E-02  6.365840036248E-02  9.554735312450E-02  0.159205753487    
    6  1.500    6.193012101509E-02  6.043960531931E-02  9.808726637212E-02  0.158526871691    
    7  1.800    6.139819870635E-02  5.953100228972E-02  9.772893897961E-02  0.157259941269    
    8  2.100    6.175769492860E-02  6.052528633103E-02  9.534794202282E-02  0.155873228354    
    9  2.400    6.255473634068E-02  6.240141232046E-02  9.250695843959E-02  0.154908370760    
   10  2.700    6.327692325529E-02  6.401270449322E-02  9.063551177749E-02  0.154648216271    
   11  3.000    6.357926281321E-02  6.461703533353E-02  9.035102361913E-02  0.154968058953    
   12  3.300    6.340225785658E-02  6.415352567698E-02  9.129751129664E-02  0.155451036974    
   13  3.600    6.293258278606E-02  6.312760707772E-02  9.252074836683E-02  0.155648355445    
   14  3.900    6.243995260947E-02  6.223112783537E-02  9.306812379835E-02  0.155299251634    
   15  4.200    6.208006215311E-02  6.192301502282E-02  9.245508856727E-02  0.154378103590    
   16  4.500    6.176034035187E-02  6.215274961485E-02  9.078057439173E-02  0.152933324007    
   17  4.800    6.113024577180E-02  6.234848873477E-02  8.845929713750E-02  0.150807785872    
   18  5.100    5.969596812548E-02  6.168152438455E-02  8.575507420325E-02  0.147436598588    
   19  5.400    5.699773876438E-02  5.943836034411E-02  8.245503841078E-02  0.141893398755    
   20  5.700    5.276590963104E-02  5.526280864021E-02  7.792625086552E-02  0.133189059506    
   21  6.000    4.700404010208E-02  4.918742186180E-02  7.149002140263E-02  0.120677443264    
   22  6.300    3.999818641214E-02  4.156049590023E-02  6.284351350025E-02  0.104404009400    
   23  6.600    3.227407714902E-02  3.298795136176E-02  5.229904994141E-02  8.528700130317E-02
   24  6.900    2.451089568783E-02  2.429224330513E-02  4.076755384820E-02  6.505979715333E-02
   25  7.200    1.740673276915E-02  1.639693274214E-02  2.952102138271E-02  4.591795412484E-02
   26  7.500    1.151103087474E-02  1.007511469199E-02  1.979976966279E-02  2.987488435478E-02
   27  7.800    7.086147672177E-03  5.659264048889E-03  1.237963575473E-02  1.803889980362E-02
   28  8.100    4.077227378075E-03  2.955782464327E-03  7.337315884129E-03  1.029309834846E-02
   29  8.400    2.209038819612E-03  1.469797534791E-03  4.211224019974E-03  5.681021554765E-03
   30  8.700    1.137001475367E-03  7.111858887209E-04  2.384282713364E-03  3.095468602085E-03
   31  9.000    5.605849340336E-04  3.401710004626E-04  1.348253732911E-03  1.688424733374E-03
   32  9.300    2.664372867100E-04  1.624376755465E-04  7.667480462818E-04  9.291857218283E-04
   33  9.600    1.224817855678E-04  7.787518805535E-05  4.399598535351E-04  5.178350415904E-04
   34  9.900    5.441878493568E-05  3.759586549117E-05  2.550091064655E-04  2.926049719567E-04
   35 10.200    2.321030330462E-05  1.830365761367E-05  1.493158422659E-04  1.676194998795E-04
   36 10.500    9.336846538492E-06  8.991900202041E-06  8.828008944783E-05  9.727198964987E-05
   37 10.800    3.392525180826E-06  4.457729921464E-06  5.266527077661E-05  5.712300069807E-05
   38 11.100    9.748561367873E-07  2.229802896286E-06  3.167844173127E-05  3.390824462756E-05
   39 11.400    7.455000171311E-08  1.125013471308E-06  1.919780950250E-05  2.032282297381E-05
   40 11.700   -2.025815281250E-07  5.723453634082E-07  1.171350290746E-05  1.228584827087E-05
   41 12.000   -2.427577203674E-07  2.934618097414E-07  7.190880506057E-06  7.484342315799E-06
   42 12.300   -2.059855908762E-07  1.516123119282E-07  4.439090459831E-06  4.590702771759E-06
   43 12.600   -1.542095600525E-07  7.887472876129E-08  2.754129391945E-06  2.833004120706E-06
   44 12.900   -1.084265070493E-07  4.131945067372E-08  1.716598805532E-06  1.757918256206E-06
   45 13.200   -7.353051254637E-08  2.177736734848E-08  1.074351263432E-06  1.096128630780E-06
   46 13.500   -4.876212244506E-08  1.155287410265E-08  6.749770747473E-07  6.865299488500E-07
   47 13.800   -3.187470862266E-08  6.159786020327E-09  4.255142728211E-07  4.316740588414E-07
   48 14.100   -2.064072319673E-08  3.305757090385E-09  2.691241474416E-07  2.724299045320E-07
   49 14.400   -1.328451490218E-08  1.780546978116E-09  1.706921382605E-07  1.724726852386E-07
   50 14.700   -8.516879883194E-09  9.660493532100E-10  1.085676304462E-07  1.095336797995E-07
   51 15.000   -5.447678874196E-09  5.247963228866E-10  6.921061041037E-08  6.973540673326E-08
   52 15.300   -3.480321265666E-09  2.878502188992E-10  4.423243124102E-08  4.452028145992E-08
   53 15.600   -2.222566288681E-09  1.573676373379E-10  2.831681084993E-08  2.847417848726E-08
   54 15.900   -1.419583422115E-09  8.735688313231E-11  1.817061914858E-08  1.825797603172E-08
   55 16.200   -9.072472555264E-10  4.789042347217E-11  1.167102335817E-08  1.171891378165E-08
   56 16.500   -5.803141247783E-10  2.699240393264E-11  7.513742352648E-09  7.540734756580E-09
   57 16.800   -3.716047569107E-10  1.474135551452E-11  4.836373444904E-09  4.851114800419E-09
   58 17.100   -2.382397112178E-10  8.498381920460E-12  3.120622205062E-09  3.129120586982E-09
   59 17.400   -1.529470542898E-10  4.564799253323E-12  2.009118515059E-09  2.013683314313E-09
   60 17.700   -9.831837003916E-11  2.732742623462E-12  1.296943746594E-09  1.299676489218E-09
   61 18.000   -6.329779775618E-11  1.407554184322E-12  8.322186715989E-10  8.336262257832E-10
   62 18.300   -4.080460595468E-11  9.009936024699E-13  5.354610155018E-10  5.363620091042E-10
   63 18.600   -2.634770838904E-11  4.230121076809E-13  3.399368398992E-10  3.403598520069E-10
   64 18.900   -1.703169174274E-11  3.054760365781E-13  2.161502805905E-10  2.164557566271E-10
   65 19.200   -1.102383194573E-11  1.177913439171E-13  1.335617894283E-10  1.336795807722E-10
   66 19.500   -7.127588199333E-12  1.054986769936E-13  8.216992717492E-11  8.227542585192E-11
   67 19.800   -4.584325141172E-12  2.630575012975E-14  4.747054905863E-11  4.749685480876E-11
   68 20.100   -2.883664124051E-12  3.480763662921E-14  2.660786055540E-11  2.664266819202E-11
   69 20.400   -1.694375744358E-12  2.377287275913E-15  1.268239428055E-11  1.268477156783E-11
   70 20.700   -7.806165139868E-13  7.710902511918E-15  5.137976249717E-12  5.145687152228E-12
   71 21.000   -2.680843862209E-25 -6.184325238605E-17  3.829214688308E-16  3.210782164447E-16

