 r rp rn tp tn ssp ssn sp sn 
   0.0000000000000000        7.7344674262375596E-002   8.2464698374089776E-002   3.9745204058614460E-002  0.12443074143694013        6.8941462306799711E-004   1.7759515417867574E-002   0.0000000000000000        0.0000000000000000     
  0.29999999999999999        7.6006563337187250E-002   8.3639589709760834E-002   4.1281198694963585E-002  0.12246835274994664        4.9600921910469083E-004   1.6939590306907684E-002   5.7541918197120167E-005   1.7272262939186332E-003
  0.59999999999999998        7.2442176394629326E-002   8.6678675286752799E-002   4.5312473625028826E-002  0.11719146613172789       -6.5644386964865543E-005   1.4519918077517662E-002   4.6686571736161873E-005   3.1621011006284852E-003
  0.89999999999999991        6.7876500341250964E-002   9.0330247613438969E-002   5.0570999014608403E-002  0.11076503503723538       -8.9614177297250841E-004   1.0735366624603107E-002  -8.8676496353828010E-005   4.0404884602887820E-003
   1.2000000000000000        6.3731772470892942E-002   9.3184789796906434E-002   5.5593327755044754E-002  0.10564175504757570       -1.8086076290023461E-003   6.1083212389347876E-003  -3.7318866250012734E-004   4.1796054594394356E-003
   1.5000000000000000        6.1088926664449907E-002   9.4315790750091374E-002   5.9172973002932096E-002  0.10343730555248011       -2.5576897353841630E-003   1.4317484258878472E-003  -7.8476154382278826E-004   3.5438489981453112E-003
   1.7999999999999998        6.0345642067365202E-002   9.3658870289763108E-002   6.0598715176229306E-002  0.10422269005496997       -2.9105882820112837E-003  -2.4386225831310960E-003  -1.2501383186078391E-003   2.2766616999520999E-003
   2.1000000000000001        6.1159697137372328E-002   9.1960179502150546E-002   5.9863944788860431E-002  0.10659113601992032       -2.7534720619443471E-003  -4.8475654764297549E-003  -1.6634461081819212E-003   6.7311924229133588E-004
   2.3999999999999999        6.2678075075224937E-002   9.0327317630931811E-002   5.7758309687853657E-002  0.10854970656457004       -2.1465268911363480E-003  -5.5444118199465195E-003  -1.9251006365639289E-003  -9.0054448831202859E-004
   2.6999999999999997        6.3968776670058874E-002   8.9623510612522245E-002   5.5572492095995213E-002  0.10874234337746919       -1.2522521783689103E-003  -4.7479608642616760E-003  -1.9752044639527303E-003  -2.1147273906788788E-003
   3.0000000000000000        6.4450529401209614E-002   9.0051573093127488E-002   5.4473022178331977E-002  0.10716412644637155       -1.8321454061387085E-004  -3.0067085776495890E-003  -1.7920102663752462E-003  -2.7678622769382382E-003
   3.2999999999999998        6.4093069284717752E-002   9.1148224845218173E-002   5.4967128092053660E-002  0.10491506622694875        1.0864004702223688E-003  -8.9117492635891135E-004  -1.3578272084183304E-003  -2.8120369971866579E-003
   3.5999999999999996        6.3312429787787547E-002   9.2129152223674307E-002   5.6723323454868184E-002  0.10331091222036320        2.6637057271820691E-003   1.2918183965781661E-003  -6.2733488537938386E-004  -2.2977399254875143E-003
   3.8999999999999999        6.2661890096841116E-002   9.2335596745650061E-002   5.8700645861963698E-002  0.10295744482371043        4.5798746349202078E-003   3.5592783434723768E-003   4.6862480011910406E-004  -1.2808722925882591E-003
   4.2000000000000002        6.2484638365356782E-002   9.1531970363365855E-002   5.9523352076315664E-002  0.10322788225156032        6.6341412577569725E-003   6.0457784441698623E-003   1.9755954133100131E-003   2.3542928119252800E-004
   4.5000000000000000        6.2683388134442936E-002   8.9909006055680543E-002   5.8074259411878236E-002  0.10243405226541343        8.3497054200328477E-003   8.6786307335501127E-003   3.8432199725270651E-003   2.2752273103594208E-003
   4.7999999999999998        6.2720586650690344E-002   8.7799670246391071E-002   5.4048772374098865E-002   9.8736515714161296E-002   9.1302851813510454E-003   1.0972576425306128E-002   5.8732529602049457E-003   4.7898475525553312E-003
   5.0999999999999996        6.1851327871935327E-002   8.5295929411179819E-002   4.8044371454120965E-002   9.1261603214537690E-002   8.5684203599618314E-003   1.2129668234588293E-002   7.7400976192036272E-003   7.5517669341088429E-003
   5.3999999999999995        5.9436358987885463E-002   8.2047014599206616E-002   4.1129386180008248E-002   8.0577407290542288E-002   6.6797380272104658E-003   1.1434344231634462E-002   9.0914693741661699E-003   1.0131242468918850E-002
   5.7000000000000002        5.5146105288267522E-002   7.7391047436022403E-002   3.4319748534570788E-002   6.8257722701393173E-002   3.8839662212816761E-003   8.7032942632502726E-003   9.6698346272299802E-003   1.2000899021373978E-002
   6.0000000000000000        4.9001586527323601E-002   7.0719514495392488E-002   2.8314846711582877E-002   5.6050118046182193E-002   8.0383673597469703E-004   4.4851948176063937E-003   9.3860512920129896E-003   1.2727588308684154E-002
   6.2999999999999998        4.1335125022097165E-002   6.1840146609822386E-002   2.3456264330507411E-002   4.5238162089531388E-002  -1.9314093210231319E-003  -1.1947155612181386E-004   8.3290025155493917E-003   1.2149704647318483E-002
   6.5999999999999996        3.2752845617654569E-002   5.1160260602640992E-002   1.9728091582620427E-002   3.6376449150850726E-002  -3.8112016406399137E-003  -3.8999682462399817E-003   6.7342617816281373E-003   1.0448092103512854E-002
   6.8999999999999995        2.4086700182815834E-002   3.9639747435968008E-002   1.6748092234537798E-002   2.9300302791231081E-002  -4.5532791036407708E-003  -6.0063003046098070E-003   4.9274521176051649E-003   8.0804037218346492E-003
   7.1999999999999993        1.6257120558108833E-002   2.8543614301163145E-002   1.3890821618319959E-002   2.3339108853007991E-002  -4.2139829222366202E-003  -6.2560660882797544E-003   3.2404414129026458E-003   5.6109852496550750E-003
   7.5000000000000000        1.0010712048823716E-002   1.9054081463708190E-002   1.0700468119351585E-002   1.7793750849802000E-002  -3.1935450841715169E-003  -5.1471904550758271E-003   1.9119335050489222E-003   3.5072565358355247E-003
   7.7999999999999998        5.6482890266722485E-003   1.1867253404001415E-002   7.3386211216434653E-003   1.2528579252518338E-002  -2.0337294279862547E-003  -3.5260788878177809E-003   1.0208928141326728E-003   1.9957377829820390E-003
   8.0999999999999996        2.9670114648360337E-003   7.0066931431036822E-003   4.4285995155657204E-003   8.0256132553232218E-003  -1.1205930672202340E-003  -2.0918394564648337E-003   5.0328179530980646E-004   1.0552759011254350E-003
   8.4000000000000004        1.4839076952600813E-003   4.0029971055771454E-003   2.3989268512548557E-003   4.7396953896858577E-003  -5.5558533915436284E-004  -1.1213519401758888E-003   2.3501627340116382E-004   5.3124366010178707E-004
   8.6999999999999993        7.2182248542017487E-004   2.2538418520702775E-003   1.2075206380819318E-003   2.6548290570820947E-003  -2.5824960311768129E-004  -5.6577969886882607E-004   1.0641781702062944E-004   2.5994861928951569E-004
   9.0000000000000000        3.4695874416693464E-004   1.2665735859929068E-003   5.8305162630622163E-004   1.4488552303359287E-003  -1.1623031868972813E-004  -2.7690386843758682E-004   4.7530728833102513E-005   1.2533822158655814E-004
   9.2999999999999989        1.6647199285885108E-004   7.1558327218803795E-004   2.7612745013684819E-004   7.8476584630381651E-004  -5.1681321194623377E-005  -1.3376354345164690E-004   2.1165927523282376E-005   5.9969200757182479E-005
   9.5999999999999996        8.0195833218294261E-005   4.0788948886968045E-004   1.3002264058958348E-004   4.2640595790594676E-004  -2.2952322445752248E-005  -6.4294471038301522E-005   9.4548877718904109E-006   2.8532815487680066E-005
   9.9000000000000004        3.8909618772501217E-005   2.3488586538883053E-004   6.1351249551211851E-005   2.3370444525040639E-004  -1.0237669582612264E-005  -3.0828084132490718E-005   4.2503693657308121E-006   1.3481895252560971E-005
   10.199999999999999        1.9041752682357596E-005   1.3667219937185451E-004   2.9131823246028347E-005   1.2952315008127411E-004  -4.5985236918908455E-006  -1.4735934179147088E-005   1.9257902063158777E-006   6.2994849032314826E-006
   10.500000000000000        9.4049750794070286E-006   8.0323976591062951E-005   1.3950667535813279E-005   7.2647048687163876E-005  -2.0825308038199046E-006  -7.0019992092391877E-006   8.7993521662174980E-007   2.8886736876955825E-006
   10.799999999999999        4.6886491184127252E-006   4.7651885574545405E-005   6.7442546540743373E-006   4.1233750518050414E-005  -9.5123609576997006E-007  -3.2907197290149908E-006   4.0548119193027440E-007   1.2831012394969150E-006
   11.100000000000000        2.3588421716042923E-006   2.8515510562980485E-005   3.2924833007546774E-006   2.3672105794738997E-005  -4.3821870824902127E-007  -1.5173754735098051E-006   1.8839229293826841E-007   5.3882791036532685E-007
   11.400000000000000        1.1972165160853781E-006   1.7200857307338484E-005   1.6230886898741883E-006   1.3736273158858853E-005  -2.0355396019808044E-007  -6.7739488499216573E-007   8.8217556240100668E-008   2.0271053537467547E-007
   11.699999999999999        6.1277721538525390E-007   1.0452324154951214E-005   8.0775826304403727E-007   8.0503935234119032E-006  -9.5297109289751411E-008  -2.8566719990637072E-007   4.1613887027063912E-008   5.7609755265605785E-008
   12.000000000000000        3.1616355286710007E-007   6.3948331302955127E-006   4.0568378709570503E-007   4.7615563358744971E-006  -4.4945676598983690E-008  -1.0775092890795951E-007   1.9764552663264883E-008   5.2912233691796273E-012
   12.299999999999999        1.6437025175898574E-007   3.9372926293964722E-006   2.0553552790877794E-007   2.8401878321904116E-006  -2.1344498002316072E-008  -3.0534492084314472E-008   9.4464036294955603E-009  -1.8959966095662586E-008
   12.600000000000000        8.6072610456785751E-008   2.4387027226484803E-006   1.0500217162557967E-007   1.7073316634132275E-006  -1.0201136165837783E-008   2.7192119293496643E-010   4.5408564138540300E-009  -2.1940716712795778E-008
   12.900000000000000        4.5380906836595659E-008   1.5191406927264760E-006   5.4068211236367207E-008   1.0337032674925306E-006  -4.9039623505214365E-009   1.0459262992575186E-008   2.1941119646976721E-009  -1.9132653459106242E-008
   13.199999999999999        2.4082035567987589E-008   9.5158613301884957E-007   2.8050705667060134E-008   6.3000779822148484E-007  -2.3700147677735910E-009   1.2063661183443632E-008   1.0650846355286634E-009  -1.4892676386057827E-008
   13.500000000000000        1.2858198634342228E-008   5.9936808794063051E-007   1.4656735306936874E-008   3.8633559544972993E-007  -1.1508728608098565E-009   1.0537036653517344E-008   5.1911449622895541E-010  -1.0907680557786617E-008
   13.799999999999999        6.9055563240853619E-009   3.7964243603435192E-007   7.7101880321166832E-009   2.3827701669530665E-007  -5.6122795581402061E-010   8.2252550752138252E-009   2.5388508583212934E-010  -7.6933917913946554E-009
   14.100000000000000        3.7292605576946840E-009   2.4187569087850591E-007   4.0820564859478355E-009   1.4776207726351021E-007  -2.7469075707310814E-010   6.0442665482761060E-009   1.2451893069632495E-010  -5.2891382852828229E-009
   14.399999999999999        2.0245796662275585E-009   1.5506417489961793E-007   2.1744071388793124E-009   9.2110601382269349E-008  -1.3486191395674527E-010   4.2782491199040760E-009   6.1202536110508677E-011  -3.5692000201335778E-009
   14.699999999999999        1.1046524639843196E-009   1.0008409111384193E-007   1.1649875685574831E-009   5.7712012405973341E-008  -6.6375686589639142E-011   2.9521188633033129E-009   3.0124958742834118E-011  -2.3743425327002163E-009
   15.000000000000000        6.0560981824089844E-010   6.5080520587105619E-008   6.2762469736965509E-010   3.6343345500595238E-008  -3.2727856960285111E-011   1.9997003260961046E-009   1.4837468503739913E-011  -1.5613226124552613E-009
   15.299999999999999        3.3353448003074851E-010   4.2670189031514140E-008   3.3991125472643092E-010   2.3005648421125566E-008  -1.6154827663007167E-011   1.3354041837024273E-009   7.3059433981004987E-012  -1.0166902130707654E-009
   15.600000000000000        1.8449243593839915E-010   2.8234460506560574E-008   1.8501842445147830E-010   1.4642406776127932E-008  -7.9765238063744519E-012   8.8155955237792771E-010   3.5926832914612366E-012  -6.5633749102246939E-010
   15.899999999999999        1.0247540957619550E-010   1.8871933636992183E-008   1.0119389668900896E-010   9.3747792258112300E-009  -3.9359652368592144E-012   5.7627529290090101E-010   1.7621476423013101E-012  -4.2035907577639043E-010
   16.199999999999999        5.7145122607797812E-011   1.2752510102806062E-008   5.5603122213969342E-011   6.0420928520950924E-009  -1.9388536086756621E-012   3.7343379805104232E-010   8.6074967943037619E-013  -2.6721289851732450E-010
   16.500000000000000        3.1986821831175944E-011   8.7171797268969710E-009   3.0688555166096044E-011   3.9239941442983754E-009  -9.5219902368600599E-013   2.4003506390482375E-010   4.1790300389077167E-013  -1.6863580706970559E-010
   16.800000000000001        1.7968159198535520E-011   6.0289654532792106E-009   1.7010906605968061E-011   2.5714509864369351E-009  -4.6547285517703524E-013   1.5309212137114156E-010   2.0115458848947884E-013  -1.0567430258266473E-010
   17.099999999999998        1.0126778596395237E-011   4.2173008707933293E-009   9.4692108763804335E-012   1.7033997812787753E-009  -2.2601617396563013E-013   9.6895651106240273E-011   9.5661074468815292E-014  -6.5763072350530894E-011
   17.399999999999999        5.7245696644094308E-012   2.9804138622018765E-009   5.2933083683203030E-012   1.1432177067327104E-009  -1.0870686658991777E-013   6.0862415174963487E-011   4.4725632044684944E-014  -4.0651644521178376E-011
   17.699999999999999        3.2444396693344837E-012   2.1238708427640638E-009   2.9717124080598102E-012   7.7948963239225717E-010  -5.1590479684392983E-014   3.7942464259208814E-011   2.0407925753453180E-014  -2.4968601234187419E-011
   18.000000000000000        1.8424736414939208E-012   1.5217503359772562E-009   1.6759762098635348E-012   5.4167186629739535E-010  -2.4022719203632879E-014   2.3483138023761194E-011   8.9812765777415406E-015  -1.5244598428479895E-011
   18.300000000000001        1.0474316935596876E-012   1.0920296283001252E-009   9.5005813255003512E-013   3.8493399901403935E-010  -1.0878770945549189E-014   1.4438822023402443E-011   3.7334867171314853E-015  -9.2562940882048700E-012
   18.599999999999998        5.9520877904189724E-013   7.8092933627438283E-010   5.4187311242106531E-013   2.8068075813448317E-010  -4.7196438786504590E-015   8.8308866817709086E-012   1.4044195182863428E-015  -5.5903236102501851E-012
   18.899999999999999        3.3726678165395837E-013   5.5292256403264437E-010   3.1152101522634433E-013   2.1060375242000152E-010  -1.9054115885983350E-015   5.3834404695853700E-012   4.2555748852891859E-016  -3.3559825974660068E-012
   19.199999999999999        1.8978416707285764E-013   3.8433771286727800E-010   1.8106527279558639E-013   1.6293555145737776E-010  -6.6809619601288689E-016   3.2801549279320260E-012   5.2206977205751102E-017  -1.9972947931701298E-012
   19.500000000000000        1.0531076142056364E-013   2.5924847933588813E-010   1.0693200292061130E-013   1.3008295636822729E-010  -1.5777479014921952E-016   2.0032369782099650E-012  -6.2614754072038625E-017  -1.1709188030111839E-012
   19.800000000000001        5.6911106705321239E-014   1.6682437054040901E-010   6.4679192616410776E-014   1.0712675221258409E-010   2.8236460264101202E-017   1.2275092919327097E-012  -7.6234500422766422E-017  -6.6735654260569076E-013
   20.099999999999998        2.9265284503759230E-014   9.9617256039294924E-011   4.0558702376278485E-014   9.0863129136048877E-011   7.6764443452885366E-017   7.5112289367668192E-013  -5.7104381773245750E-017  -3.6046896484895589E-013
   20.399999999999999        1.3661616255123793E-014   5.2450829394205455E-011   2.6839217211683482E-014   7.9259842474419274E-011   7.1794645038178680E-017   4.5041501694723747E-013  -3.3082937872039801E-017  -1.7540464523212794E-013
   20.699999999999999        5.1773775720216629E-015   2.1704160894597584E-011   1.9494362026120905E-014   7.0724935749176306E-011   4.8410480254863918E-017   2.6112497691054523E-013  -1.4209551030312873E-017  -6.8469252547913256E-014
   21.000000000000000        1.1006029927000895E-015   4.8674316941801153E-012   1.3585537337117654E-014   6.3296993068744867E-011   2.4222705949459959E-017   6.6463421509248827E-014  -3.2129076304076627E-018  -1.4760427054037717E-014
