nprot,nneut=  82 124
rms_c,rms_p,rms_n,rms_tot=   5.4998       5.4446       5.5948       5.5355    
densities with m. correction:
  i      r          rho-coul        rho-prot       rho-neut       rho-mass
    1  0.000    7.114308341646E-02  7.807264578488E-02  8.182712418917E-02  0.159899769974    
    2  0.300    7.044548322033E-02  7.665268383580E-02  8.307996516726E-02  0.159732649003    
    3  0.600    6.858466136702E-02  7.290000918872E-02  8.631355207583E-02  0.159213561265    
    4  0.900    6.615912394067E-02  6.809984956755E-02  9.020252063665E-02  0.158302370204    
    5  1.200    6.389126596902E-02  6.374873898768E-02  9.324994646386E-02  0.156998685452    
    6  1.500    6.235476490226E-02  6.097818385515E-02  9.447044994456E-02  0.155448633800    
    7  1.800    6.178584539823E-02  6.020349610309E-02  9.379074948507E-02  0.153994245588    
    8  2.100    6.204401725446E-02  6.106577963669E-02  9.199839660623E-02  0.153064176243    
    9  2.400    6.272507945620E-02  6.266741666879E-02  9.026925987737E-02  0.152936676546    
   10  2.700    6.336886328930E-02  6.402498088919E-02  8.952266146370E-02  0.153547642353    
   11  3.000    6.366286844775E-02  6.452596154033E-02  8.997609103051E-02  0.154502052571    
   12  3.300    6.354674989897E-02  6.414091524934E-02  9.114054705669E-02  0.155281462306    
   13  3.600    6.317672036497E-02  6.331094306080E-02  9.218907461548E-02  0.155500017676    
   14  3.900    6.278002386735E-02  6.262299037866E-02  9.242922449238E-02  0.155052214871    
   15  4.200    6.247754837701E-02  6.244685932665E-02  9.161798818128E-02  0.154064847508    
   16  4.500    6.216152498849E-02  6.269128622304E-02  8.996862892898E-02  0.152659915152    
   17  4.800    6.148676908479E-02  6.280032474202E-02  8.785134019567E-02  0.150651664938    
   18  5.100    5.997719695613E-02  6.199949488858E-02  8.538171063425E-02  0.147381205523    
   19  5.400    5.719133598242E-02  5.962837622883E-02  8.220075900652E-02  0.141829135235    
   20  5.700    5.287036673964E-02  5.535136815605E-02  7.761379947006E-02  0.132965167626    
   21  6.000    4.702149936963E-02  4.919105192975E-02  7.097683139843E-02  0.120167883328    
   22  6.300    3.993366401915E-02  4.148085643269E-02  6.207688755705E-02  0.103557743990    
   23  6.600    3.214024324894E-02  3.282859512853E-02  5.132114777808E-02  8.414974290661E-02
   24  6.900    2.433205864693E-02  2.407658249045E-02  3.968825858762E-02  6.376484107807E-02
   25  7.200    1.721598611227E-02  1.616944295427E-02  2.847712046051E-02  4.464656341478E-02
   26  7.500    1.134026536256E-02  9.882446181651E-03  1.890968765453E-02  2.879213383618E-02
   27  7.800    6.955253311298E-03  5.526284442334E-03  1.170498038510E-02  1.723126482743E-02
   28  8.100    3.990125565212E-03  2.879000739794E-03  6.873300097990E-03  9.752300837784E-03
   29  8.400    2.158106082217E-03  1.431276656425E-03  3.912627607210E-03  5.343904263634E-03
   30  8.700    1.110648406611E-03  6.937982463756E-04  2.199146918365E-03  2.892945164741E-03
   31  9.000    5.486086818782E-04  3.329685181668E-04  1.235330867038E-03  1.568299385204E-03
   32  9.300    2.618703026956E-04  1.597061218330E-04  6.981677570662E-04  8.578738788992E-04
   33  9.600    1.212898536040E-04  7.696414477591E-05  3.982371731061E-04  4.752013178820E-04
   34  9.900    5.454396300957E-05  3.736878527308E-05  2.295157304253E-04  2.668845156984E-04
   35 10.200    2.371781158281E-05  1.830398848469E-05  1.336588115482E-04  1.519628000329E-04
   36 10.500    9.856740652872E-06  9.049258853243E-06  7.861555813375E-05  8.766481698699E-05
   37 10.800    3.809928116244E-06  4.515617361816E-06  4.667257496228E-05  5.118819232410E-05
   38 11.100    1.276698793733E-06  2.273925984035E-06  2.794822190478E-05  3.022214788882E-05
   39 11.400    2.808651732858E-07  1.155134413847E-06  1.686881649481E-05  1.802395090866E-05
   40 11.700   -6.622317724508E-08  5.917447080286E-07  1.025620094762E-05  1.084794565565E-05
   41 12.000   -1.545143314621E-07  3.055486752918E-07  6.277925826689E-06  6.583474501981E-06
   42 12.300   -1.496430240070E-07  1.589737616598E-07  3.867090105103E-06  4.026063866762E-06
   43 12.600   -1.185430308091E-07  8.330255714370E-08  2.396200971362E-06  2.479503528505E-06
   44 12.900   -8.596900590065E-08  4.395069224002E-08  1.493266233053E-06  1.537216925293E-06
   45 13.200   -5.943516707884E-08  2.333661235855E-08  9.357118646597E-07  9.590484770183E-07
   46 13.500   -3.993062825065E-08  1.246774483212E-08  5.895947141118E-07  6.020624589439E-07
   47 13.800   -2.634601103278E-08  6.699478017762E-09  3.735755671176E-07  3.802750451353E-07
   48 14.100   -1.718077366521E-08  3.619619397309E-09  2.381063819324E-07  2.417260013297E-07
   49 14.400   -1.111966803576E-08  1.966362254132E-09  1.526983188830E-07  1.546646811372E-07
   50 14.700   -7.162771790459E-09  1.072919087637E-09  9.860384338778E-08  9.967676247542E-08
   51 15.000   -4.601396644372E-09  5.889854083751E-10  6.414059778976E-08  6.472958319814E-08
   52 15.300   -2.952228513042E-09  3.239586822229E-10  4.207931940501E-08  4.240327808723E-08
   53 15.600   -1.893991967023E-09  1.798293075952E-10  2.785402301038E-08  2.803385231798E-08
   54 15.900   -1.216070080303E-09  9.936086079822E-11  1.863236919590E-08  1.873173005670E-08
   55 16.200   -7.821388075968E-10  5.597417938782E-11  1.259529548308E-08  1.265126966247E-08
   56 16.500   -5.042511910275E-10  3.081741653048E-11  8.618456896994E-09  8.649274313524E-09
   57 16.800   -3.261877798185E-10  1.781292779740E-11  5.962287240407E-09  5.980100168205E-09
   58 17.100   -2.118584857804E-10  9.577696225390E-12  4.175832202066E-09  4.185409898291E-09
   59 17.400   -1.383480857657E-10  5.845753939444E-12  2.951112745410E-09  2.956958499350E-09
   60 17.700   -9.091525441690E-11  2.919709388405E-12  2.105993853226E-09  2.108913562614E-09
   61 18.000   -6.025162809541E-11  2.015749203030E-12  1.508212040596E-09  1.510227789799E-09
   62 18.300   -4.031745943617E-11  8.259355858329E-13  1.084005998567E-09  1.084831934153E-09
   63 18.600   -2.732752529699E-11  7.522833894681E-13  7.742281558419E-10  7.749804392314E-10
   64 18.900   -1.878210661056E-11  1.803254938282E-13  5.490684204428E-10  5.492487459366E-10
   65 19.200   -1.312982613706E-11  3.106549392185E-13  3.807199712698E-10  3.810306262090E-10
   66 19.500   -9.307490387782E-12 -7.464032508680E-16  2.571769268648E-10  2.571761804616E-10
   67 19.800   -6.651591704569E-12  1.368034323278E-13  1.646687349902E-10  1.648055384226E-10
   68 20.100   -4.668059952065E-12 -3.186876397780E-14  9.831924577785E-11  9.828737701388E-11
   69 20.400   -3.035079008744E-12  5.261257041665E-14  5.097183208533E-11  5.102444465575E-11
   70 20.700   -1.499287283393E-12 -1.446689977300E-14  2.106955482037E-11  2.105508792060E-11
   71 21.000    1.369785898243E-25 -1.803918924772E-16  2.301448135711E-16  4.975292109388E-17

