 r rp rn tp tn ssp ssn sp sn d1p d1n d2p d2n
   0.0000000000000000        7.9599686037095121E-002   7.8446720991293281E-002   3.9586827845173270E-002  0.13657723619562323        4.9328633645974679E-004  -9.6261998904414413E-003   0.0000000000000000        0.0000000000000000        0.0000000000000000        0.0000000000000000      -0.10804071572122667       0.12232318115625736     
  0.29999999999999999        7.8019808448207925E-002   8.0234382750741684E-002   4.1199054593254583E-002  0.13385603312106165        3.1972897232261302E-004  -8.6837797690953195E-003   3.9134787817922506E-005  -9.0920994025433480E-004  -1.0190870901973159E-002   1.1459283080767818E-002  -9.7909207138376322E-002  0.10949689468126109     
  0.59999999999999998        7.3820108435530080E-002   8.4909416652021411E-002   4.5341122943913272E-002  0.12652365573719510       -1.7986907400441889E-004  -6.2038941318059253E-003   1.7106500667531212E-005  -1.4979595877697947E-003  -1.6787762767737094E-002   1.8483222422915696E-002  -6.8922714118970635E-002   7.4063590264794518E-002
  0.89999999999999991        6.8470322882790952E-002   9.0682528945802587E-002   5.0588480774429428E-002  0.11740774000576350       -9.0378919945193403E-004  -3.4246619799542448E-003  -1.1407217520893951E-004  -1.6338981592649096E-003  -1.7774878377502999E-002   1.8616849660533234E-002  -3.3331473492169902E-002   3.0111835528163648E-002
   1.2000000000000000        6.3639747477612849E-002   9.5492289829284024E-002   5.5450123527109423E-002  0.10973019669570636       -1.6857008478617310E-003  -1.4967639350951317E-003  -3.7284902978861382E-004  -1.4390019308208040E-003  -1.3640411126617454E-002   1.2485065654295959E-002  -2.4733782825514528E-003  -7.1979665025253790E-003
   1.5000000000000000        6.0566482943880853E-002   9.7876709390922981E-002   5.8851035329516105E-002  0.10571994431671131       -2.3292641165222295E-003  -9.2091870436043549E-004  -7.3944573947579216E-004  -1.1799508309464045E-003  -6.5901403578773705E-003   3.2312591213895020E-003   1.6447638719972540E-002  -2.7252636004194856E-002
   1.7999999999999998        5.9694868980072112E-002   9.7516623857519122E-002   6.0212956449825682E-002  0.10576500341277058       -2.6503787965538768E-003  -1.5201648910147907E-003  -1.1544531398967430E-003  -1.1120423798041041E-003   4.9398514031274033E-004  -5.0288505045753993E-003   2.1229218977626134E-002  -2.7429079394917889E-002
   2.1000000000000001        6.0635800190823583E-002   9.5244668334681162E-002   5.9527414653808432E-002  0.10838336970028688       -2.5435335728922256E-003  -2.6888105003970608E-003  -1.5308937860777500E-003  -1.3666784039764841E-003   5.1076838447543941E-003  -9.0802785918594857E-003   1.4295069447678700E-002  -1.3337619193530038E-002
   2.3999999999999999        6.2415938948028819E-002   9.2539823195820908E-002   5.7485888555755364E-002  0.11110574919715618       -2.0299410027388737E-003  -3.6934614278034726E-003  -1.7808822945972931E-003  -1.9083984266246115E-003   6.0168828882394762E-003  -8.0257364391956160E-003   1.8947388399807022E-003   4.2025358245792385E-003
   2.6999999999999997        6.3947380846418697E-002   9.0751307028031414E-002   5.5313757965205615E-002  0.11191117886381848       -1.2225018129275996E-003  -3.9495767164856336E-003  -1.8429368097918968E-003  -2.5568359320004195E-003   3.7300912101006483E-003  -3.5314266060967386E-003  -8.4112991478809251E-003   1.4896304449969245E-002
   3.0000000000000000        6.4526735827170917E-002   9.0462384585425340E-002   5.4181125430820980E-002  0.11032704367396318       -2.1080159281112055E-004  -3.2122470485703046E-003  -1.6856566035418515E-003  -3.0620367437769217E-003   1.2847073923810418E-004   1.3221938411420670E-003  -1.1658373947082700E-002   1.4350392573886425E-002
   3.2999999999999998        6.4093846867598031E-002   9.1338295233464872E-002   5.4612215784277995E-002  0.10742330838328056        1.0247596253280741E-003  -1.5708153008508253E-003  -1.2825798905399170E-003  -3.1955379138478065E-003  -2.6497818998347852E-003   3.8583083201302092E-003  -7.7229127375089933E-003   5.2479214863457198E-003
   3.5999999999999996        6.3125172456206316E-002   9.2475831011177137E-002   5.6285954509842542E-002  0.10483987031875998        2.5760012970101132E-003   7.3615257165957223E-004  -5.8471705496186265E-004  -2.8028130916152244E-003  -3.3336094080514567E-003   3.0989724920849997E-003  -3.3775026587345015E-004  -5.8455385033725901E-003
   3.8999999999999999        6.2274088718107114E-002   9.2968968481577041E-002   5.8189692471911990E-002  0.10361563111075786        4.4672319659191670E-003   3.4889070054007847E-003   4.7708880285258365E-004  -1.8001943527663571E-003  -2.0289340866740794E-003  -1.0035112327438309E-004   5.4844626111378685E-003  -1.2898876836029133E-002
   4.2000000000000002        6.1969664500228817E-002   9.2351469598816696E-002   5.8989301746860297E-002  0.10345445160976491        6.5044598187859529E-003   6.4788567769135039E-003   1.9486541644380248E-003  -1.5506369633023286E-004  -3.0655489753451400E-005  -3.9004397344004670E-003   5.8734178946010318E-003  -1.3565450074756647E-002
   4.5000000000000000        6.2153945931804726E-002   9.0704667978369125E-002   5.7583905932361013E-002  0.10276065003572828        8.2232518890423059E-003   9.3703605730329036E-003   3.7831341156934184E-003   2.1029563008052596E-003   8.8247103115823974E-004  -6.7490815036970325E-003  -9.1672357913880986E-005  -1.0143405780439310E-002
   4.7999999999999998        6.2274389928899637E-002   8.8403010029355480E-002   5.3646815118794933E-002   9.9512955620512419E-002   9.0306154752842864E-003   1.1606347476041209E-002   5.7881400963148630E-003   4.8326842606458463E-003  -6.1895470901001943E-004  -8.3830889872015518E-003  -9.9102959196270355E-003  -7.7859595204069140E-003
   5.0999999999999996        6.1534996435304010E-002   8.5677985339196627E-002   4.7744236560919313E-002   9.2504905906577228E-002   8.5093285754527636E-003   1.2498614764625857E-002   7.6422840424244624E-003   7.7332213214122460E-003  -4.7580551480444809E-003  -9.9168244095948939E-003  -1.9394590384097979E-002  -1.0592832774560763E-002
   5.3999999999999995        5.9246305480659157E-002   8.2317128839362291E-002   4.0925732539163380E-002   8.2042670210160290E-002   6.6645846310200299E-003   1.1510388965438942E-002   8.9938480117352487E-003   1.0353231945746083E-002  -1.0705338996679963E-002  -1.2921134956307768E-002  -2.5419661839143012E-002  -1.8506746537385634E-002
   5.7000000000000002        5.5058268878841014E-002   7.7718186332965219E-002   3.4194321541818590E-002   6.9640482319600058E-002   3.9137496321967934E-003   8.5859651663582979E-003   9.5843214508493351E-003   1.2189813553300774E-002  -1.7181458453531327E-002  -1.8205548603208565E-002  -2.7104192293878865E-002  -2.7596071898483395E-002
   6.0000000000000000        4.8999789865243532E-002   7.1240703822212176E-002   2.8237201894710056E-002   5.7148085176254332E-002   8.7713246968184602E-004   4.3051102343786493E-003   9.3237320410220724E-003   1.2852331101168667E-002  -2.3000593701846216E-002  -2.5196382243078901E-002  -2.4852990118723099E-002  -3.2911196896435943E-002
   6.2999999999999998        4.1416121944691763E-002   6.2606560173546516E-002   2.3393290162871748E-002   4.5996107609449409E-002  -1.8281341712487807E-003  -2.7032477708595262E-004   8.2983689071466013E-003   1.2214199191125081E-002  -2.7207967682607546E-002  -3.2185197235864126E-002  -1.9066879981200980E-002  -3.1212181335331837E-002
   6.5999999999999996        3.2911267334111503E-002   5.2131095639096667E-002   1.9662341666943854E-002   3.6850703229521657E-002  -3.7074528731663452E-003  -3.9895214021897097E-003   6.7370292204852189E-003   1.0472717525979804E-002  -2.9005275982040904E-002  -3.7089980530376314E-002  -1.0066781569578813E-002  -2.2088013247240572E-002
   6.8999999999999995        2.4298772287171932E-002   4.0708030917151972E-002   1.6692405169856501E-002   2.9604724969851157E-002  -4.4823417164395621E-003  -6.0478444767866337E-003   4.9558320826462278E-003   8.0851589391565323E-003  -2.7842852277023905E-002  -3.8268837850729660E-002   8.9314918407447028E-004  -7.8186865300664283E-003
   7.1999999999999993        1.6479986140432130E-002   2.9576399680410516E-002   1.3880995709456867E-002   2.3597087513413804E-002  -4.1924306311133860E-003  -6.2777752798994432E-003   3.2797542107654296E-003   5.6070688889175557E-003  -2.3793957396646165E-002  -3.5160741822401545E-002   1.0882506392926473E-002   7.2279049511502717E-003
   7.5000000000000000        1.0200140592542819E-002   1.9936808766684053E-002   1.0758453959039601E-002   1.8086052946571108E-002  -3.2114424049924256E-003  -5.1657646407041206E-003   1.9479020513319847E-003   3.4979377997440423E-003  -1.7872755898720054E-002  -2.8626621504449203E-002   1.6363253079218883E-002   1.7900810234923528E-002
   7.7999999999999998        5.7804604050047739E-003   1.2539988995998850E-002   7.4408952521355766E-003   1.2853078542196809E-002  -2.0661672266095252E-003  -3.5409841868461818E-003   1.0460934527448901E-003   1.9820083072354285E-003  -1.1746831844865894E-002  -2.0678327870889981E-002   1.5966599484339143E-002   2.1058627322037442E-002
   8.0999999999999996        3.0444876391452634E-003   7.4725828578757238E-003   4.5276259516689975E-003   8.3236640807020385E-003  -1.1480454113190737E-003  -2.0977477750175246E-003   5.1772464573334365E-004   1.0394472799886245E-003  -6.8323702346300540E-003  -1.3441127846899176E-002   1.1818979961344732E-002   1.7937827395837058E-002
   8.4000000000000004        1.5233571547688890E-003   4.3045727451477851E-003   2.4672176513844471E-003   4.9661396079015603E-003  -5.7225243589396077E-004  -1.1184584482971816E-003   2.4216170738125940E-004   5.1623393327624313E-004  -3.6142111860942147E-003  -8.0804576750484608E-003   7.2077023225483950E-003   1.2490426581970164E-002
   8.6999999999999993        7.3984743532392878E-004   2.4415390087125519E-003   1.2454719351683403E-003   2.8055625942995130E-003  -2.6656987621966061E-004  -5.5844076554826931E-004   1.0961125426790829E-004   2.4758793590131311E-004  -1.7988155773723507E-003  -4.6386165875114387E-003   3.8794695969586396E-003   7.7018706687490357E-003
   9.0000000000000000        3.5449904437326579E-004   1.3812858328679204E-003   6.0147194399085664E-004   1.5419986577542093E-003  -1.1992930975797530E-004  -2.6897234528376260E-004   4.8862267995030404E-005   1.1607019692928400E-004  -8.6714534088738217E-004  -2.6098881602508789E-003   1.9441531242563456E-003   4.4534290692855617E-003
   9.2999999999999989        1.6935883452073722E-004   7.8530727467798149E-004   2.8432238123244491E-004   8.4035922907219496E-004  -5.3215946814011848E-005  -1.2707670843386810E-004   2.1693447187041104E-005   5.3424505932634446E-005  -4.1275932328330676E-004  -1.4630623890687980E-003   9.3989770151404388E-004   2.5039454535753774E-003
   9.5999999999999996        8.1171575537931643E-005   4.5031624977438491E-004   1.3344539785515065E-004   4.5919272655006667E-004  -2.3560351043843962E-005  -5.9279580727468967E-005   9.6545802590571844E-006   2.4083094091785791E-005  -1.9614757229221354E-004  -8.2425148574096852E-004   4.4767796044885538E-004   1.3972306085559565E-003
   9.9000000000000004        3.9161248461159578E-005   2.6080694461193922E-004   6.2700743862407319E-005   2.5303657191381280E-004  -1.0469398082213180E-005  -2.7298562431055036E-005   4.3220877650485495E-006   1.0528171382066209E-005  -9.3601803901726614E-005  -4.6851683428368997E-004   2.1256566057074628E-004   7.8203053403104906E-004
   10.199999999999999        1.9049616148613128E-005   1.5258854100706849E-004   2.9627308941904248E-005   1.4098241460852557E-004  -4.6830456064933623E-006  -1.2342238292209229E-005   1.9495915712210688E-006   4.3683317124656970E-006  -4.4986655515627299E-005  -2.6908628867848523E-004   1.0125649020616053E-004   4.4125369128708206E-004
   10.500000000000000        9.3496534524048129E-006   9.0146207960733243E-005   1.4112060798509705E-005   7.9490556506336591E-005  -2.1114466273830724E-006  -5.4149049306014539E-006   8.8670733671855970E-007   1.6380835641017449E-006  -2.1806580699914818E-005  -1.5618844977800190E-004   4.8551179604830509E-005   2.5152241481325857E-004
   10.799999999999999        4.6307753241517066E-006   5.3740995807283743E-005   6.7834686154723231E-006   4.5353439868885888E-005  -9.6003647174004990E-007  -2.2531908542286023E-006   4.0668330136117919E-007   4.7797766764612478E-007  -1.0666807385753924E-005  -9.1585447082428084E-005   2.3471316529041689E-005   1.4492347558098156E-004
   11.100000000000000        2.3142123851615458E-006   3.2305002214467945E-005   3.2919431834617797E-006   2.6171202053320558E-005  -4.4021251251963539E-007  -8.4511271228217475E-007   1.8805735278407419E-007   2.2254074773198302E-008  -5.2657735845214728E-006  -5.4217256025500049E-005   1.1448339754490176E-005   8.4389765408042063E-005
   11.400000000000000        1.1665941993811070E-006   1.9566504533687133E-005   1.6128547273119932E-006   1.5262959392912774E-005  -2.0351937479382789E-007  -2.4419319652683630E-007   8.7645198916815894E-008  -1.2816534850895971E-007  -2.6230077288613844E-006  -3.2378288510330380E-005   5.6350154817387211E-006   4.9634674983757404E-005
   11.699999999999999        5.9298935851731205E-007   1.1932399463760469E-005   7.9760728219293647E-007   8.9888707559457016E-006  -9.4833111913549047E-008  -7.4149610618451922E-009   4.1150709986172071E-008  -1.5421972539454209E-007  -1.3180077586578389E-006  -1.9491427489014159E-005   2.7986613870700702E-006   2.9465429290933571E-005
   12.000000000000000        3.0381893489881496E-007   7.3220124388132947E-006   3.9800867357732607E-007   5.3415884924942590E-006  -4.4517995670598820E-008   7.0678479968132013E-008   1.9454770709520941E-008  -1.3566376209958341E-007  -6.6782186037103884E-007  -1.1819249285502214E-005   1.4021547502385974E-006   1.7641738821022712E-005
   12.299999999999999        1.5683820047142720E-007   4.5182044159281743E-006   2.0032730631972483E-007   3.2003417429164737E-006  -2.1043939586585291E-008   8.3821803838441870E-008   9.2566438521354110E-009  -1.0594382052578998E-007  -3.4108261345947126E-007  -7.2143820648123513E-006   7.0841103905501054E-007   1.0645007822893989E-005
   12.600000000000000        8.1543632349767771E-008   2.8022415788367244E-006   1.0166173937951072E-007   1.9318204607310944E-006  -1.0012012580887505E-008   7.3584416487248588E-008   4.4303166843908701E-009  -7.7798894703967991E-008  -1.7552752738891861E-007  -4.4300064383345676E-006   3.6079186276763787E-007   6.4687453931287010E-006
   12.900000000000000        4.2684346579030748E-008   1.7460080172723644E-006   5.1995988434350085E-008   1.1740618281277340E-006  -4.7918440488574079E-009   5.7502071759122879E-008   2.1317835273568387E-009  -5.5075174989935212E-008  -9.0981235936270348E-008  -2.7350493457639155E-006   1.8515877794026645E-007   3.9562264508845120E-006
   13.199999999999999        2.2487202359750063E-008   1.0924644275712544E-006   2.6792093258991185E-008   7.1796719128608648E-007  -2.3059711388690184E-009   4.2292519609573788E-008   1.0307429364250124E-009  -3.8075008426250389E-008  -4.7481058255865173E-008  -1.6969402344368719E-006   9.5715948466534463E-008   2.4337307971457336E-006
   13.500000000000000        1.1919209921858712E-008   6.8616485055450669E-007   1.3902875852141698E-008   4.4153890927246846E-007  -1.1152112076822471E-009   2.9996971957354986E-008   5.0052511072693559E-010  -2.5899821189413461E-008  -2.4940213946374978E-008  -1.0575889007252192E-006   4.9821714712829672E-008   1.5050918114223148E-006
   13.799999999999999        6.3543488135060650E-009   4.3248108906660119E-007   7.2628815069754368E-009   2.7294165633409931E-007  -5.4174265205936080E-010   2.0779915641557343E-008   2.4396887114829644E-010  -1.7417321308577957E-008  -1.3181028610450151E-008  -6.6182892393941836E-007   2.6103385008240429E-008   9.3528792645486633E-007
   14.100000000000000        3.4062884160286854E-009   2.7346135184592581E-007   3.8183322296163439E-009   1.6951790829986823E-007  -2.6420373130204510E-010   1.4164133795331675E-008   1.1929807852023165E-010  -1.1616015062720867E-008  -7.0070436317062814E-009  -4.1572066753749773E-007   1.3761841816022345E-008   5.8376029855020158E-007
   14.399999999999999        1.8355333107303780E-009   1.7342056408451312E-007   2.0195850148584333E-009   1.0573914608898958E-007  -1.2929051078903182E-010   9.5444673986852273E-009   5.8488332871147178E-011  -7.6995537963567172E-009  -3.7456956950935938E-009  -2.6202924274243049E-007   7.2983425643799901E-009   3.6581862408503921E-007
   14.699999999999999        9.9404297379582141E-010   1.1027505383279359E-007   1.0743516060260120E-009   6.6218530105279493E-008  -6.3451101330331857E-011   6.3780011402022843E-009   2.8732404952115525E-011  -5.0801449145248140E-009  -2.0129194445391541E-009  -1.6568004135334832E-007   3.8923756636253803E-009   2.3008710995554990E-007
   15.000000000000000        5.4088977798008391E-010   7.0295978834292932E-008   5.7465545558448993E-010   4.1621159468124438E-008  -3.1210927908544728E-011   4.2357422508808626E-009   1.4133487879455285E-011  -3.3402196564547022E-009  -1.0871975260154930E-009  -1.0506446062990726E-007   2.0870417664561809E-009   1.4520556288944247E-007
   15.299999999999999        2.9565015436728673E-010   4.4912818716218133E-008   3.0898319353142320E-010   2.6249716331764954E-008  -1.5378051634795862E-011   2.8000157199489290E-009   6.9562980463150209E-012  -2.1903802920818480E-009  -5.9003519063460453E-010  -6.6805286038246913E-008   1.1247714005125026E-009   9.1922583324345504E-008
   15.600000000000000        1.6230184895787353E-010   2.8754741419575509E-008   1.6696530561699678E-010   1.6607839233520903E-008  -7.5845579278215936E-012   1.8444739451333885E-009   3.4228922776426933E-012  -1.4334143550823470E-009  -3.2169239155818157E-010  -4.2584248367202010E-008   6.0913321322614312E-010   5.8358655824303314E-008
   15.899999999999999        8.9466227902714186E-011   1.8444184252743053E-008   9.0654231211600334E-011   1.0539017105700219E-008  -3.7416813774317949E-012   1.2118161025248134E-009   1.6821780446751671E-012  -9.3652629163592408E-010  -1.7616082082791388E-010  -2.7207732270390157E-008   3.3142111097787210E-010   3.7148357507197354E-008
   16.199999999999999        4.9510975872956710E-011   1.1850197248419456E-008   4.9446555858340832E-011   6.7069643733064113E-009  -1.8447518898025587E-012   7.9457602765075242E-010   8.2473284232927881E-013  -6.1106971155935921E-010  -9.6872707384414175E-011  -1.7420866667383875E-008   1.8112535679605945E-010   2.3705121955732978E-008
   16.500000000000000        2.7502124668442039E-011   7.6243015203742405E-009   2.7089225368509608E-011   4.2801110804787369E-009  -9.0804566390263445E-013   5.2021887720285956E-010   4.0281652392450148E-013  -3.9824849033184055E-010  -5.3486001455310582E-011  -1.1176747757357768E-008   9.9409234599047566E-011   1.5161376422485704E-008
   16.800000000000001        1.5330769667587214E-011   4.9107995632069417E-009   1.4904242673060706E-011   2.7389334446454440E-009  -4.4571031421347698E-013   3.4021772336140167E-010   1.9565484485070201E-013  -2.5925218266321205E-010  -2.9645096313819337E-011  -7.1840184393630191E-009   5.4782925136233841E-011   9.7176729452241012E-009
   17.099999999999998        8.5741834988762385E-012   3.1652946975308929E-009   8.2344660539105738E-012   1.7576784198027613E-009  -2.1783472100758278E-013   2.2231963467395654E-010   9.4292938063090719E-014  -1.6855517781457082E-010  -1.6491903633749240E-011  -4.6255733816403458E-009   3.0308354425409111E-011   6.2409914832886157E-009
   17.399999999999999        4.8097932461798765E-012   2.0406090473795333E-009   4.5683709039772596E-012   1.1314045368636146E-009  -1.0580567105617669E-013   1.4519344277209995E-010   4.4953362971095525E-014  -1.0941509380648048E-010  -9.2072034598067797E-012  -2.9829700471808350E-009   1.6831020961560054E-011   4.0156878096085010E-009
   17.699999999999999        2.7051663786805848E-012   1.3148415676602112E-009   2.5451952021888986E-012   7.3077486136394989E-010  -5.0946624890083197E-014   9.4783817798207831E-011   2.1111954225722456E-014  -7.0873065489313510E-011  -5.1577320792517504E-012  -1.9264226346743496E-009   9.3805066698215086E-012   2.5884295520929177E-009
   18.000000000000000        1.5245651613263812E-012   8.4586669409248873E-010   1.4243655741624045E-012   4.7392987149575056E-010  -2.4236106269112445E-014   6.1855652938626131E-011   9.7087815282383889E-015  -4.5766889270981035E-011  -2.8986632295691695E-012  -1.2456505839216325E-009   5.2462768379832725E-012   1.6712753542780824E-009
   18.300000000000001        8.6019430535456886E-013   5.4247735606219242E-010   8.0110603209744526E-013   3.0892026616574770E-010  -1.1334990276236725E-014   4.0353848178912258E-011   4.3320497078778244E-015  -2.9421007159098381E-011  -1.6340785919953448E-012  -8.0627258717312402E-010   2.9439615376063912E-012   1.0808783152436003E-009
   18.599999999999998        4.8520428602075514E-013   3.4603745671325872E-010   4.5326672970040387E-013   2.0269630700192004E-010  -5.1731076617013953E-015   2.6314510819508079E-011   1.8476220084385747E-015  -1.8785733452205863E-011  -9.2384285726854859E-013  -5.2222899141835699E-010   1.6573922420785365E-012   7.0022314723164120E-010
   18.899999999999999        2.7296230741881600E-013   2.1878898244961598E-010   2.5844567118551356E-013   1.3418405140957725E-010  -2.2758848958383293E-015   1.7145558894556711E-011   7.3305606159692115E-016  -1.1873150609726712E-011  -5.2366443591612437E-013  -3.3829333550785017E-010   9.3606797210999100E-013   4.5447154312421120E-010
   19.199999999999999        1.5254346400713234E-013   1.3638407429796187E-010   1.4894618723033388E-013   8.9918407135823227E-011  -9.4405078092248555E-016   1.1153061459444422E-011   2.5522845951176061E-016  -7.3881726464454368E-012  -2.9746596016495449E-013  -2.1895330220761262E-010   5.3040564540070694E-013   2.9567105418912888E-010
   19.500000000000000        8.4099698543633692E-014   8.3106304568077837E-011   8.7193645869335824E-014   6.1281267435395028E-011  -3.5225285918649491E-016   7.2301793319547971E-012   6.5346393518216470E-017  -4.4876377276007208E-012  -1.6918111904160382E-013  -1.4132365565503818E-010   3.0165041385453357E-013   1.9305053804799869E-010
   19.800000000000001        4.5180871613132594E-014   4.8807921608358782E-011   5.2264274819206052E-014   4.2750459693076018E-011  -1.0343241108312347E-016   4.6532501438798153E-012   2.3814744679495575E-019  -2.6232163916148735E-012  -9.6135978285093359E-014  -9.0617704668961343E-011   1.7241794451656809E-013   1.2684775789284810E-010
   20.099999999999998        2.3113596816591605E-014   2.6944921290928627E-011   3.2474351430584502E-014   3.0786066049072640E-011  -9.1151618482934651E-018   2.9482360026596051E-012  -1.4628242706235113E-017  -1.4391200963105027E-012  -5.4292444485772780E-014  -5.7245586298167592E-011   9.9444241827495921E-014   8.4377735812692882E-011
   20.399999999999999        1.0744172017131628E-014   1.3316744889028938E-011   2.1299864619484474E-014   2.3138761511334057E-011   1.8479887787091550E-017   1.8031827728512063E-012  -1.2125351313045851E-017  -7.0562898376915867E-013  -3.0032734634028903E-014  -3.4947333715092687E-011   5.8530420335586911E-014   5.7534468233639447E-011
   20.699999999999999        4.0589019244079356E-015   5.2610014868423502E-012   1.5363440337556395E-014   1.8492348009503947E-011   1.7232309474851981E-017   1.0501902928864371E-012  -5.9869814432153596E-018  -2.7609378055065125E-013  -1.6471691431607255E-014  -2.0282967231711210E-011   3.6190580613971236E-014   4.1229538510256113E-011
   21.000000000000000        8.6115715816727544E-016   1.1469645500022115E-012   1.0606860646334315E-014   1.4553608954037884E-011   1.5815838309990838E-017   2.7570239677738910E-013  -1.4388942401221780E-018  -5.9509371483635421E-014  -2.9106482291856072E-015  -5.6186007483297324E-012   2.5985336173759891E-014   3.3215212204216558E-011
