 r rp rn tp tn ssp ssn sp sn d1p d1n d2p d2n
   0.0000000000000000        5.8346910453319051E-002   9.8908425763244434E-002   2.6994625101043036E-002  0.10598007559011675        1.3212629480904346E-004  -7.3273409964105986E-005   0.0000000000000000        0.0000000000000000        0.0000000000000000        0.0000000000000000       -2.5581333493667684E-002  -2.0922334776004421E-002
  0.29999999999999999        5.7964751744051510E-002   9.8606689561673358E-002   2.7869329500043612E-002  0.10789439154045945        3.2625119374400623E-005  -2.4190635081311376E-004   7.3209468605843644E-006  -1.7004948760038054E-005  -2.5107262150985440E-003  -1.8421928912944934E-003  -2.4753781918202194E-002  -1.6756856159462957E-002
  0.59999999999999998        5.6865995447675267E-002   9.7926265778681174E-002   3.0369670193446253E-002  0.11279031803081033       -2.5978854852304133E-004  -7.0398419858738097E-004  -2.0708202000751296E-005  -9.2075544101840475E-005  -4.7853168142198439E-003  -2.3168072329158747E-003  -2.2894032366666279E-002  -6.1804210492098343E-003
  0.89999999999999991        5.5156046073255999E-002   9.7381304093827448E-002   3.3990458084801702E-002  0.11867457203307853       -7.0298221252862512E-004  -1.2580869657821841E-003  -1.1473426796041228E-004  -2.5685531136838963E-004  -6.4643716336772496E-003  -9.5935676056391769E-004  -1.8312944257845923E-002   4.9893709801671036E-003
   1.2000000000000000        5.3104405618146396E-002   9.7445848058974299E-002   3.7886505270578755E-002  0.12319213669786490       -1.1939080247039507E-003  -1.6253142442362845E-003  -2.8970136789404027E-004  -4.8936631517432726E-004  -6.9391971904203265E-003   1.4704385434275693E-003  -1.0593102405003534E-002   1.0740694626070179E-002
   1.5000000000000000        5.1143770989058625E-002   9.8217032142048466E-002   4.1050437863450528E-002  0.12482308869486040       -1.5824468717227543E-003  -1.6454387029650277E-003  -5.3176255886597582E-004  -7.2106053147118719E-004  -5.8119157378989971E-003   3.3999419455585768E-003  -1.3150972452747375E-003   8.4357218858907533E-003
   1.7999999999999998        4.9748904659609447E-002   9.9318511408110072E-002   4.2712205902659992E-002  0.12362989341750344       -1.7431006597582190E-003  -1.4397757887222029E-003  -7.9707384767527939E-004  -8.9078391671956162E-004  -3.2705112172515430E-003   3.4868544462704765E-003   6.4403512603642306E-003   4.4554949372636399E-004
   2.1000000000000001        4.9234935061396791E-002  0.10012281988290275        4.2704662548980823E-002  0.12103280139659643       -1.6437017158283463E-003  -1.3350646925732700E-003  -1.0293656505650953E-003  -1.0057073441178648E-003  -1.5087320973747635E-004   1.5205776109430201E-003   1.0000240013270425E-002  -7.7041602386397224E-003
   2.3999999999999999        4.9607558578957274E-002  0.10013947397923488        4.1476407162709776E-002  0.11880251277967797       -1.3409269404476385E-003  -1.5899454488194080E-003  -1.1836591170585253E-003  -1.1464836438260658E-003   2.4268997295938885E-003  -1.4512225086450769E-003   8.5963803332623941E-003  -1.1035962777125336E-002
   2.6999999999999997        5.0556145898896156E-002   9.9310653311652064E-002   3.9794654770365513E-002  0.11803893177402661       -9.1129689948223850E-004  -2.1880525017074302E-003  -1.2363721960302241E-003  -1.4085649206064148E-003   3.5627768958888433E-003  -3.7818624530038571E-003   3.4790701960498343E-003  -7.8642772714269792E-003
   3.0000000000000000        5.1581752333066368E-002   9.8045579869226837E-002   3.8427187406194045E-002  0.11871670459896978       -3.8683311183561569E-004  -2.8441015377866155E-003  -1.1767665769603880E-003  -1.8292918443562911E-003   2.9483998416613031E-003  -4.1914644414760300E-003  -2.7436963961738874E-003  -3.7668173480727082E-004
   3.2999999999999998        5.2202488269069709E-002   9.6986371833652288E-002   3.7935115134456875E-002  0.11990744462015708        2.5982038680534580E-004  -3.1538978037565493E-003  -9.9054901439120228E-004  -2.3473570638300250E-003   1.0151523155314582E-003  -2.5071602600240011E-003  -7.0309327070919624E-003   6.7505380526514816E-003
   3.5999999999999996        5.2164058110365015E-002   9.6634494144550373E-002   3.8516477126536414E-002  0.12046891135805315        1.0858986112779446E-003  -2.7719671343273333E-003  -6.4871424604306537E-004  -2.8083556800382317E-003  -1.2035662344861153E-003   2.0597474896763790E-004  -7.2223680122959783E-003   9.0685087786666358E-003
   3.8999999999999999        5.1560043781372085E-002   9.7047744450326753E-002   3.9897242818509135E-002  0.11977988400063304        2.1297565704018729E-003  -1.5453878491318946E-003  -1.0850479077169211E-004  -3.0085498336220556E-003  -2.5454245589378822E-003   2.2412911433651061E-003  -3.3721466106598945E-003   5.0862727206692328E-003
   4.2000000000000002        5.0775034875635387E-002   9.7795051706339065E-002   4.1386603533656550E-002  0.11804029886007078        3.3631892228872416E-003   4.4777408659921062E-004   6.7292371930896360E-004  -2.7564636791906024E-003  -2.3619133267969326E-003   2.2626473583974909E-003   2.0138411403564198E-003  -2.8222419199430584E-003
   4.5000000000000000        5.0253830803409061E-002   9.8202184211847440E-002   4.2137569012903227E-002  0.11592973240277704        4.6562221032075994E-003   2.9669967140432897E-003   1.7151145181690114E-003  -1.9230706468610418E-003  -9.4116511794380619E-004   7.9752368317794522E-005   5.3368609019039861E-003  -1.0146787656788284E-002
   4.7999999999999998        5.0217242263129777E-002   9.7724481746484904E-002   4.1479294529312621E-002  0.11389142093565996        5.7667388657602469E-003   5.7090314513463993E-003   2.9863425419038641E-003  -4.6187520489116783E-004   5.8862163697656123E-004  -3.3469135157328674E-003   3.9774978831512205E-003  -1.3387522682609483E-002
   5.0999999999999996        5.0485897305924905E-002   9.6196076245549406E-002   3.9161354252306657E-002  0.11158790240142906        6.3798853066258411E-003   8.3362429222470918E-003   4.3806294475105777E-003   1.5900567552399158E-003   8.3562631416693239E-004  -6.6660885108943205E-003  -2.2299698110996393E-003  -1.2370077776678142E-002
   5.3999999999999995        5.0512529002646522E-002   9.3795076632593108E-002   3.5430113774848129E-002  0.10795143528845018        6.2177598593652550E-003   1.0427623765317423E-002   5.7162970501604092E-003   4.1032295054332750E-003  -1.1222891203448240E-003  -9.1199567593762791E-003  -1.0902792441207789E-002  -1.0144781570026866E-002
   5.7000000000000002        4.9607869988542067E-002   9.0764861939932620E-002   3.0900786053548696E-002  0.10182197320510041        5.1844011869594600E-003   1.1461966565807278E-002   6.7715815239126941E-003   6.8320785230425105E-003  -5.2624786056820923E-003  -1.1052475621427665E-002  -1.8500191801465501E-002  -1.0537497419283635E-002
   6.0000000000000000        4.7233264557308433E-002   8.7106611635305212E-002   2.6272349260013202E-002   9.2714058304601610E-002   3.4452677441343441E-003   1.0946730976878465E-002   7.3517530596197596E-003   9.4058260562979081E-003  -1.0680925817465291E-002  -1.3575900553236982E-002  -2.2367540228978963E-002  -1.5161327705277033E-002
   6.2999999999999998        4.3196704723675712E-002   8.2477268504385817E-002   2.2067508445611849E-002   8.1160539504835205E-002   1.3683355001422363E-003   8.6823203135259885E-003   7.3540099119157858E-003   1.1377743449093964E-002  -1.6104602420115684E-002  -1.7661046339671874E-002  -2.1870704059498595E-002  -2.2206956810975502E-002
   6.5999999999999996        3.7674539826590726E-002   7.6367571139871804E-002   1.8548828020598554E-002   6.8449712442209640E-002  -6.2495198726187327E-004   4.9950687482218769E-003   6.7948639468452176E-003   1.2347308664639926E-002  -2.0429792121402016E-002  -2.3338330478042082E-002  -1.7868564004280565E-002  -2.7762466438640072E-002
   6.8999999999999995        3.1114640855216865E-002   6.8432304799284083E-002   1.5763259662877508E-002   5.6023601172164018E-002  -2.1855200967554386E-003   7.3446949424606093E-004   5.7950435776794908E-003   1.2110721631478201E-002  -2.2940521625197538E-002  -2.9533648738873181E-002  -1.1498977616282598E-002  -2.8286381012712122E-002
   7.1999999999999993        2.4124005246684885E-002   5.8764891715442802E-002   1.3579867436865999E-002   4.4936053937478515E-002  -3.0927114106654402E-003  -3.0210319965397522E-003   4.5424283909760140E-003   1.0757195292289331E-002  -2.3258209782499522E-002  -3.4537469263518389E-002  -3.7022474066229112E-003  -2.2395333459961378E-002
   7.5000000000000000        1.7378305935140091E-002   4.7976968568897230E-002   1.1697565166899793E-002   3.5595433029172521E-002  -3.2805709351463705E-003  -5.4000990421568147E-003   3.2493998073820684E-003   8.6500210368936747E-003  -2.1316803362541804E-002  -3.6747862736891540E-002   4.2826482833657120E-003  -1.1309065418843439E-002
   7.7999999999999998        1.1513415682974782E-002   3.7059770645443149E-002   9.7366715716690963E-003   2.7819996057228874E-002  -2.8623337123897270E-003  -6.0837129861889064E-003   2.1059032538374317E-003   6.2946143877961455E-003  -1.7500256550198667E-002  -3.5341544944150857E-002   1.0504670921019078E-002   1.6453966926192557E-003
   8.0999999999999996        6.9704164506865091E-003   2.7083642092096363E-002   7.4907155882607147E-003   2.1163739608591078E-002  -2.1080020986169574E-003  -5.3815349788854053E-003   1.2323216621845487E-003   4.1544511427151721E-003  -1.2726009785132282E-002  -3.0658415953461859E-002   1.3092719239671412E-002   1.2229772379376605E-002
   8.4000000000000004        3.8618129517714087E-003   1.8847841699978919E-002   5.1416397263533429E-003   1.5359355960048197E-002  -1.3288258255933251E-003  -3.9893350473517459E-003   6.5411528984880699E-004   2.5044161701839622E-003  -8.1587364469311360E-003  -2.4088538420651583E-002   1.1826219799728683E-002   1.7365147697220307E-002
   8.6999999999999993        1.9791193119893099E-003   1.2651834437646040E-002   3.1128023396666850E-003   1.0503500660956129E-002  -7.3082179302952919E-004  -2.5762972080964719E-003   3.1930068354704791E-004   1.3948066801749181E-003  -4.6470589386436115E-003  -1.7376134656635706E-002   8.4461593491309238E-003   1.6990838615016515E-002
   9.0000000000000000        9.5448978234926880E-004   8.3240477241862502E-003   1.6839126705182771E-003   6.7971845205466010E-003  -3.6065364032931242E-004  -1.5006257431513712E-003   1.4617864531522962E-004   7.2570728952665083E-004  -2.3999426847991219E-003  -1.1769885733337650E-002   5.0506577773193678E-003   1.3527361628787492E-002
   9.2999999999999989        4.4124327442638625E-004   5.4473750496435262E-003   8.3590729909371257E-004   4.2332021107647092E-003  -1.6490797119717249E-004  -8.1305308448603860E-004   6.4035802378411861E-005   3.5377281640390723E-004  -1.1544580242805395E-003  -7.6821473809544003E-003   2.6637253502560850E-003   9.5206441205577860E-003
   9.5999999999999996        1.9859831654485342E-004   3.5837552359743409E-003   3.9144616080779513E-004   2.5870990899121964E-003  -7.1882111524358203E-005  -4.1860862084253260E-004   2.7292261937426517E-005   1.5896376698212853E-004  -5.3052830267842686E-004  -4.9399981435147696E-003   1.2943801399588448E-003   6.2616264740651502E-003
   9.9000000000000004        8.8036472963928190E-005   2.3852251033865957E-003   1.7677126696936707E-004   1.5759429714550541E-003  -3.0493612491650328E-005  -2.0646705996600864E-004   1.1454417901601427E-005   6.1738236023115654E-005  -2.3740273068094519E-004  -3.1779722813573786E-003   5.9836125163766454E-004   3.9919243013020970E-003
   10.199999999999999        3.8737260291940466E-005   1.6108414707839698E-003   7.8170626322535047E-005   9.6678523679462520E-004  -1.2757523618569976E-005  -9.6801485421047024E-005   4.7723674415054883E-006   1.5644506750031617E-005  -1.0475747952842139E-004  -2.0636318376756322E-003   2.6878452312833448E-004   2.5228611195187178E-003
   10.500000000000000        1.7004654854484947E-005   1.1047651410071193E-003   3.4193593439672229E-005   6.0088863736772831E-004  -5.3061422467888054E-006  -4.1756937467179851E-005   1.9841371276039835E-006  -4.5993142856984526E-006  -4.5940912873648666E-005  -1.3587085147939541E-003   1.1889745443996192E-004   1.6010515532609675E-003
   10.799999999999999        7.4706979716242987E-006   7.6915015257080443E-004   1.4890463808201455E-005   3.7955837352334740E-004  -2.2045671661339271E-006  -1.4980790428312865E-005   8.2583073100862468E-007  -1.2208106737298652E-005  -2.0118233053742591E-005  -9.0867707898972415E-004   5.2219497354701995E-005   1.0273746785498274E-003
   11.100000000000000        3.2912607465339965E-006   5.4304521093950548E-004   6.4817195215684549E-006   2.4396786416280475E-004  -9.1756974868825373E-007  -2.5459772561430464E-006   3.4478747928037131E-007  -1.3911512503872333E-005  -8.8227350684212904E-006  -6.1742748792907977E-004   2.2886007211361754E-005   6.6887607416534118E-004
   11.400000000000000        1.4557464218061590E-006   3.8831951460606493E-004   2.8273709765827171E-006   1.5959518146075325E-004  -3.8323495955004833E-007   2.7541012571314022E-006   1.4456587367114316E-007  -1.3060971278298902E-005  -3.8814394715779564E-006  -4.2598230446369101E-004   1.0039783521327282E-005   4.4242827517698984E-004
   11.699999999999999        6.4688870225646844E-007   2.8085899383389006E-004   1.2378128930789891E-006   1.0619772105811672E-004  -1.6078117696232066E-007   4.6002857118307049E-006   6.0915296688030465E-008  -1.1280396277881053E-005  -1.7147713616012105E-006  -2.9810939732240302E-004   4.4168622287496070E-006   2.9736333019109049E-004
   12.000000000000000        2.8890371508471142E-007   2.0519671179516802E-004   5.4438480186845839E-007   7.1817270474829010E-005  -6.7794243030620796E-008   4.8503670002638456E-006   2.5803886968688144E-008  -9.3229759465986551E-006  -7.6120086184865932E-007  -2.1135257922126307E-004   1.9508826448405518E-006   2.0297747221633631E-004
   12.299999999999999        1.2969599452677215E-007   1.5125661881298065E-004   2.4063653554996605E-007   4.9304241362218583E-005  -2.8738272425877803E-008   4.4269729673716137E-006   1.0990159148488721E-008  -7.5103607377107651E-006  -3.3962957348228480E-007  -1.5161385234968588E-004   8.6569082556303688E-007   1.4058165557268856E-004
   12.600000000000000        5.8527862623761139E-008   1.1236979963533648E-004   1.0693885346489442E-007   3.4321736481759373E-005  -1.2248526464999354E-008   3.7762038489956999E-006   4.7063804462568776E-009  -5.9557937258456351E-006  -1.5232799081471314E-007  -1.0991049967297317E-004   3.8606777760562702E-007   9.8685518710469916E-005
   12.900000000000000        2.6548347105090890E-008   8.4053565014106712E-005   4.7782513528829032E-008   2.4197456122598766E-005  -5.2487679569534937E-009   3.1035441855813167E-006   2.0262891335386585E-009  -4.6763499189083154E-006  -6.8679297757750296E-008  -8.0429362647507129E-005   1.7306246351659762E-007   7.0132127189997235E-005
   13.199999999999999        1.2103302644228546E-008   6.3250080226879874E-005   2.1466238741509819E-008   1.7258034321143437E-005  -2.2612256963957536E-009   2.4948543664067519E-006   8.7698237808922929E-010  -3.6485339530467919E-006  -3.1125409381385290E-008  -5.9349427309291091E-005   7.7982126216898863E-008   5.0398559342659234E-005
   13.500000000000000        5.5449866184124292E-009   4.7844569076353306E-005   9.6952727278573066E-009   1.2438648443929938E-005  -9.7923181756795663E-010   1.9781484157892989E-006   3.8149132271330842E-010  -2.8350973921057686E-006  -1.4177438524831364E-008  -4.4120816386423108E-005   3.5319835066784668E-008   3.6582978784635186E-005
   13.799999999999999        2.5524525033204397E-009   3.6355770446757092E-005   4.4017524035151702E-009   9.0509836944364657E-006  -4.2619802256885448E-010   1.5548690512243691E-006   1.6676449109109512E-010  -2.1973586594241788E-006  -6.4895041539863890E-009  -3.3017188618460470E-005   1.6077900334214804E-008   2.6795188222007120E-005
   14.100000000000000        1.1803246672189212E-009   2.7734025764247610E-005   2.0085624744272567E-009   6.6433177854448524E-006  -1.8639889438021082E-010   1.2154685559779000E-006   7.3242619578657820E-011  -1.7003338092252951E-006  -2.9846020116375325E-009  -2.4853802491128318E-005   7.3547591382777172E-009   1.9785557135175147E-005
   14.399999999999999        5.4822198903147611E-010   2.1227612756491975E-005   9.2101180295919176E-010   4.9148901885382527E-006  -8.1902823793922140E-011   9.4694664634085294E-007   3.2313194829167117E-011  -1.3144018706320404E-006  -1.3789510084262010E-009  -1.8807283100101732E-005   3.3804065018864090E-009   1.4716069728370506E-005
   14.699999999999999        2.5570974599583596E-010   1.6292996522294288E-005   4.2431449604568008E-010   3.6627051457300133E-006  -3.6148816853614100E-011   7.3630296534982535E-007   1.4317458980000402E-011  -1.0153854454466982E-006  -6.3991711479579451E-010  -1.4298702120929694E-005   1.5608424841316140E-009   1.1017076772291208E-005
   15.000000000000000        1.1975676387008040E-010   1.2533755671496726E-005   1.9637000336404301E-010   2.7479911634188815E-006  -1.6023042397297448E-011   5.7194963739735813E-007   6.3699693745388507E-012  -7.8398061133849332E-007  -2.9821974153363712E-010  -1.0916638420908690E-005   7.2387789904969132E-010   8.2963892466240617E-006
   15.299999999999999        5.6304479192614779E-011   9.6584967196325003E-006   9.1274504346240796E-011   2.0747456936380672E-006  -7.1312987683827221E-012   4.4413655468939392E-007   2.8451895844385436E-012  -6.0498605688569265E-007  -1.3954476146084565E-010  -8.3658478522071181E-006   3.3714285181022518E-010   6.2807680971390462E-006
   15.600000000000000        2.6570924126799849E-011   7.4515126504689484E-006   4.2602500382750592E-011   1.5758168238307597E-006  -3.1862794853094776E-012   3.4492592934493205E-007   1.2755775947216946E-012  -4.6653615021696167E-007  -6.5551707473517169E-011  -6.4325679864231266E-006   1.5766395034949572E-010   4.7777401661824850E-006
   15.899999999999999        1.2584169308635691E-011   5.7521046220176797E-006   1.9964512936073407E-011   1.2037518671777012E-006  -1.4289324831698311E-012   2.6798459366240669E-007   5.7391305325908169E-013  -3.5942067424364721E-007  -3.0908591357929097E-011  -4.9607761130124608E-006   7.4020151071017756E-011   3.6503424844907281E-006
   16.199999999999999        5.9804317029094167E-012   4.4398636417014078E-006   9.3918317122129632E-012   9.2470235041669401E-007  -6.4309571022297181E-013   2.0832399718048064E-007   2.5909139285805147E-013  -2.7651527286709751E-007  -1.4626263132365393E-011  -3.8357540479834904E-006   3.4881757307868326E-011   2.8002010938286717E-006
   16.500000000000000        2.8514686900360184E-012   3.4240986563370295E-006   4.4344892314922365E-012   7.1431477158297571E-007  -2.9040332368524903E-013   1.6204700993122516E-007   1.1734206513357948E-013  -2.1232010700441540E-007  -6.9451827457692770E-012  -2.9725881281597299E-006   1.6497266429075059E-011   2.1560540536316080E-006
   16.800000000000001        1.3638664545178576E-012   2.6361794977643095E-006   2.1012474809875185E-012   5.5492805282056675E-007  -1.3155827904253976E-013   1.2612512696271156E-007   5.3305976679508433E-014  -1.6259367898265828E-007  -3.3087974498654248E-012  -2.3080418954875825E-006   7.8293940140670330E-012   1.6658762254286034E-006
   17.099999999999998        6.5430520627261108E-013   2.0239487318959183E-006   9.9907073597448036E-013   4.3364136724912181E-007  -5.9780077871499794E-014   9.8212484554657279E-008   2.4285499337741292E-014  -1.2406593288610680E-007  -1.5813783655632018E-012  -1.7947592286656625E-006   3.7280957277679376E-012   1.2914162816052469E-006
   17.399999999999999        3.1479465231768462E-013   1.5476150699278117E-006   4.7660191410509420E-013   3.4096846789935027E-007  -2.7242683183780202E-014   7.6495314480336091E-008   1.1094089621421107E-014  -9.4215342264672289E-008  -7.5809910680099908E-013  -1.3970944454635115E-006   1.7808684634747023E-012   1.0043682493353024E-006
   17.699999999999999        1.5185638846215775E-013   1.1767164568414297E-006   2.2810122828753227E-013   2.6989159486076616E-007  -1.2448985153923224E-014   5.9572398619771295E-008   5.0807224116448411E-015  -7.1096645188285882E-008  -3.6449232426595124E-013  -1.0880892033581623E-006   8.5331330996962221E-013   7.8366297956492351E-007
   18.000000000000000        7.3432696517826401E-014   8.8786130099703996E-007   1.0952511882316596E-013   2.1519044780769360E-007  -5.7035600224422044E-015   4.6361304563043405E-008   2.3320785067266675E-015  -5.3208168397441050E-008  -1.7574056131412031E-013  -8.4726496238789353E-007   4.1007745618745012E-013   6.1353503209025131E-007
   18.300000000000001        3.5581927231169553E-014   6.6303971253912790E-007   5.2768295090183244E-014   1.7296236687283173E-007  -2.6195371398191537E-015   3.6025430121488087E-008   1.0724915146394660E-015  -3.9389846208566744E-008  -8.4962203467942406E-014  -6.5900023198830624E-007   1.9763123151249864E-013   4.8213176464926117E-007
   18.599999999999998        1.7264983200611995E-014   4.8835498010581296E-007   2.5519642024970117E-014   1.4027665284137094E-007  -1.2058906643404202E-015   2.7917530810262620E-008   4.9388992886069911E-016  -2.8744914212851819E-008  -4.1180865254230296E-014  -5.1133031014930515E-007   9.5506361871835713E-014   3.8050507787715703E-007
   18.899999999999999        8.3786144090350384E-015   3.5306672486951558E-007   1.2399424554004060E-014   1.1492380270266101E-007  -5.5632851708425184E-016   2.1536145029590936E-008   2.2751136667829657E-016  -2.0579804558856999E-008  -2.0008616794060339E-014  -3.9505438741577704E-007   4.6275982785496013E-014   3.0187556782644376E-007
   19.199999999999999        4.0573088559793178E-015   2.4886651617763953E-007   6.0639350365202239E-015   9.5232448472744890E-008  -2.5716869643459388E-016   1.6492030381574578E-008   1.0462691293148136E-016  -1.4358009682973698E-008  -9.7431597906835736E-015  -3.0306767868265378E-007   2.2480052291784060E-014   2.4109218583563647E-007
   19.500000000000000        1.9515529327253241E-015   1.6932779581053728E-007   2.9959911805226576E-015   7.9934938289897801E-008  -1.1908337117163366E-016   1.2482329359919234E-008   4.7841045538857321E-017  -9.6646576223003485E-009  -4.7531182135685895E-015  -2.2985924810717888E-007   1.0948892610477329E-014   1.9423330190428954E-007
   19.800000000000001        9.2386663659512721E-016   1.0948719089153984E-007   1.5062378663515414E-015   6.8067881248460574E-008  -5.5203452558901147E-017   9.2706826231809216E-009   2.1569759259028213E-017  -6.1793017251822023E-009  -2.3209322784635727E-015  -1.7113247159379775E-007   5.3486319846275937E-015   1.5831089985656580E-007
   20.099999999999998        4.2230222280843226E-016   6.5525415766561743E-008   7.8111255670037471E-016   5.8894962614149749E-008  -2.5569957910982419E-017   6.6719068195820884E-009   9.4186595616688773E-018  -3.6550155604682489E-009  -1.1313784842931464E-015  -1.2351664685706483E-007   2.6253317097981207E-015   1.3105198693946127E-007
   20.399999999999999        1.7865937911304211E-016   3.4524373563506974E-008   4.2794002779583305E-016   5.1894587596236570E-008  -1.1748263513620259E-017   4.5400117991467236E-009   3.8238031474826766E-018  -1.9023494409253750E-009  -5.4568012233809735E-016  -8.4343719292784102E-008   1.3040478663787541E-015   1.1075738497620165E-007
   20.699999999999999        6.2857416323969302E-017   1.4285185871707601E-008   2.6684745879218641E-016   4.6480501839060045E-008  -5.8198962923532595E-018   2.8089228359874636E-009   1.2990933272245200E-018  -7.7716320398359380E-010  -2.7650458996078140E-016  -5.2202720627962736E-008   6.7201731722301300E-016   9.6394077474663762E-008
   21.000000000000000        1.2756625136573276E-017   3.2027411867293330E-009   1.4841936165281769E-016   4.1646164271463055E-008   2.5675493142895608E-019   1.0251299854573560E-009   2.5655561397074857E-019  -1.7194279997152908E-010  -7.3290575834654625E-018  -2.0061721963141370E-008   4.1074692782443988E-016   8.8789697574084219E-008
