nprot,nneut=  82 184
rms_c,rms_p,rms_n,rms_tot=   5.8597       5.8177       6.3024       6.1570    
densities with m. correction:
  i      r          rho-coul        rho-prot       rho-neut       rho-mass
    1  0.000    5.595168599348E-02  5.849955727544E-02  9.904810611342E-02  0.157547663389    
    2  0.300    5.566052320519E-02  5.812266320592E-02  9.872015265149E-02  0.156842815857    
    3  0.600    5.483887801943E-02  5.701295250687E-02  9.796948279988E-02  0.154982435307    
    4  0.900    5.364119359918E-02  5.527453902977E-02  9.734986186365E-02  0.152624400893    
    5  1.200    5.231031859350E-02  5.317356782776E-02  9.737532237756E-02  0.150548890205    
    6  1.500    5.113085342508E-02  5.115276781293E-02  9.816089829605E-02  0.149313666109    
    7  1.800    5.034874736423E-02  4.970729223062E-02  9.931471891971E-02  0.149022011150    
    8  2.100    5.008638114365E-02  4.916999656629E-02  0.100172722463      0.149342719029    
    9  2.400    5.029620510421E-02  4.955157702749E-02  0.100211596864      0.149763173891    
   10  2.700    5.077959861367E-02  5.053328454784E-02  9.936237073352E-02  0.149895655281    
   11  3.000    5.126642209016E-02  5.159938668766E-02  9.804839621167E-02  0.149647782899    
   12  3.300    5.152480211667E-02  5.224826057686E-02  9.694230940424E-02  0.149190569981    
   13  3.600    5.145600609484E-02  5.221131630774E-02  9.657488048837E-02  0.148786196796    
   14  3.900    5.112837219069E-02  5.158222904896E-02  9.701392584408E-02  0.148596154893    
   15  4.200    5.072526220715E-02  5.076187827151E-02  9.781288223512E-02  0.148574760507    
   16  4.500    5.042405363230E-02  5.021861354938E-02  9.826783543231E-02  0.148486448982    
   17  4.800    5.026389713909E-02  5.019042618637E-02  9.781101683685E-02  0.148001443023    
   18  5.100    5.007115087165E-02  5.049914395593E-02  9.627531508248E-02  0.146774459038    
   19  5.400    4.948434099466E-02  5.058200335152E-02  9.385892611654E-02  0.144440929468    
   20  5.700    4.807044863098E-02  4.972654038259E-02  9.083057085376E-02  0.140557111236    
   21  6.000    4.547879585379E-02  4.737677349452E-02  8.720218206946E-02  0.134578955564    
   22  6.300    4.156437482432E-02  4.333682219151E-02  8.261882286781E-02  0.125955645059    
   23  6.600    3.643760275669E-02  3.778892711273E-02  7.654557380325E-02  0.114334500916    
   24  6.900    3.044040932257E-02  3.118835678068E-02  6.861414917882E-02  9.980250595950E-02
   25  7.200    2.407436674479E-02  2.414787921219E-02  5.890905021457E-02  8.305692942676E-02
   26  7.500    1.790305367842E-02  1.735081345530E-02  4.804977125337E-02  6.540058470868E-02
   27  7.800    1.243932598945E-02  1.144563919000E-02  3.704892235261E-02  4.849456154262E-02
   28  8.100    8.034997366625E-03  6.885969523831E-03  2.700438505489E-02  3.389035457872E-02
   29  8.400    4.811389228195E-03  3.785946641444E-03  1.873579442808E-02  2.252174106952E-02
   30  8.700    2.668759550635E-03  1.925394724944E-03  1.254290579682E-02  1.446830052176E-02
   31  9.000    1.370311164997E-03  9.226139318314E-04  8.237862315116E-03  9.160476246947E-03
   32  9.300    6.482805948337E-04  4.245170845686E-04  5.386969383672E-03  5.811486468241E-03
   33  9.600    2.777374356938E-04  1.904913964035E-04  3.544110362438E-03  3.734601758842E-03
   34  9.900    1.020624924576E-04  8.429291569463E-05  2.359970863762E-03  2.444263779457E-03
   35 10.200    2.590210763525E-05  3.705627564966E-05  1.594883108221E-03  1.631939383870E-03
   36 10.500   -3.170207635052E-06  1.626113712042E-05  1.094635903043E-03  1.110897040163E-03
   37 10.800   -1.170513208985E-05  7.144125534642E-06  7.626482478690E-04  7.697923734036E-04
   38 11.100   -1.220740352787E-05  3.148125164028E-06  5.388105600450E-04  5.419586852090E-04
   39 11.400   -1.014394431492E-05  1.392944039477E-06  3.855174055330E-04  3.869103495725E-04
   40 11.700   -7.687855401533E-06  6.192575380792E-07  2.789749610588E-04  2.795942185969E-04
   41 12.000   -5.571988612711E-06  2.766964240892E-07  2.039102260063E-04  2.041869224304E-04
   42 12.300   -3.950296836704E-06  1.242789002840E-07  1.503653275764E-04  1.504896064767E-04
   43 12.600   -2.774043845412E-06  5.611134176239E-08  1.117439419003E-04  1.118000532420E-04
   44 12.900   -1.944218776425E-06  2.546504258680E-08  8.360868462986E-05  8.363414967244E-05
   45 13.200   -1.366379435310E-06  1.161511844484E-08  6.293030009578E-05  6.294191521423E-05
   46 13.500   -9.657337628280E-07  5.323727940457E-09  4.761240842875E-05  4.761773215669E-05
   47 13.800   -6.876149778003E-07  2.451894015357E-09  3.618569005462E-05  3.618814194863E-05
   48 14.100   -4.936450793397E-07  1.134109165435E-09  2.760842343534E-05  2.760955754451E-05
   49 14.400   -3.574334567793E-07  5.272052449611E-10  2.113417640845E-05  2.113470361370E-05
   50 14.700   -2.610036918795E-07  2.457692797452E-10  1.622304109594E-05  1.622328686522E-05
   51 15.000   -1.921416725190E-07  1.153809217741E-10  1.248106771515E-05  1.248118309608E-05
   52 15.300   -1.425311380106E-07  5.403687911230E-11  9.618608281642E-06  9.618662318521E-06
   53 15.600   -1.064810645306E-07  2.573067215723E-11  7.421165191634E-06  7.421190922306E-06
   54 15.900   -8.006913384526E-08  1.198067935443E-11  5.728918574724E-06  5.728930555403E-06
   55 16.200   -6.056973518290E-08  5.892224044971E-12  4.422074606752E-06  4.422080498976E-06
   56 16.500   -4.607170878250E-08  2.627106396082E-12  3.410402612324E-06  3.410405239431E-06
   57 16.800   -3.522280410928E-08  1.426068669519E-12  2.625595224197E-06  2.625596650266E-06
   58 17.100   -2.705737559232E-08  5.292685554603E-13  2.015744666358E-06  2.015745195627E-06
   59 17.400   -2.087987701866E-08  3.958112354871E-13  1.541232935497E-06  1.541233331308E-06
   60 17.700   -1.618493481794E-08  6.357526907450E-14  1.171737932351E-06  1.171737995926E-06
   61 18.000   -1.260240464721E-08  1.448096806583E-13  8.839620387820E-07  8.839621835917E-07
   62 18.300   -9.858744148698E-09 -3.092387100208E-14  6.599770048041E-07  6.599769738802E-07
   63 18.600   -7.749795348908E-09  7.356125033526E-14  4.859359585343E-07  4.859360320955E-07
   64 18.900   -6.120743133919E-09 -4.074212914451E-14  3.511498195832E-07  3.511497788411E-07
   65 19.200   -4.851097821403E-09  4.498494491678E-14  2.473322911947E-07  2.473323361796E-07
   66 19.500   -3.842371685294E-09 -3.171310471664E-14  1.680967991312E-07  1.680967674181E-07
   67 19.800   -3.008205412331E-09  2.728687379394E-14  1.084746334932E-07  1.084746607801E-07
   68 20.100   -2.267456224240E-09 -1.904388809020E-14  6.470711141942E-08  6.470709237553E-08
   69 20.400   -1.545558590383E-09  1.290844599730E-14  3.377546896037E-08  3.377548186882E-08
   70 20.700   -7.822355383505E-10 -6.185105665413E-15  1.389751884274E-08  1.389751265764E-08
   71 21.000    7.457587755327E-23 -5.460191448036E-17  1.559442072659E-14  1.553981881211E-14

