 r rp rn tp tn ssp ssn sp sn 
   0.0000000000000000        6.6606466216360752E-002   7.1465936040926659E-002   9.9324736129369789E-002  0.11271120826260514       -1.2678288992350349E-002  -1.4843882708230810E-002   0.0000000000000000        0.0000000000000000     
  0.29999999999999999        6.7298828808509750E-002   7.2359621252221201E-002   9.6690550918936746E-002  0.10956866127041559       -1.1719803844834618E-002  -1.3650972155240075E-002  -1.2139185632915638E-003  -1.4173131079639949E-003
  0.59999999999999998        6.9078177067526392E-002   7.4626336508402155E-002   8.9645718012666062E-002  0.10119938905058358       -9.2596805420321268E-003  -1.0591567070843869E-002  -2.1043751109222769E-003  -2.4321752387734446E-003
  0.89999999999999991        7.1376192107604888E-002   7.7411614594736250E-002   8.1193233117556787E-002   9.1187437964489207E-002  -6.6315172886533720E-003  -7.3330533178708034E-003  -2.5638340016795628E-003  -2.9121036344951700E-003
   1.2000000000000000        7.3541898464160316E-002   7.9781941129947798E-002   7.4270845705460151E-002   8.3017776182633202E-002  -4.7676995785639453E-003  -5.0372644860742673E-003  -2.7169748868556610E-003  -3.0147856224928167E-003
   1.5000000000000000        7.5116486489230194E-002   8.1140585811542015E-002   7.0738372707107200E-002   7.8854025456962809E-002  -3.7306435809333315E-003  -3.7814545910686823E-003  -2.7519265450430016E-003  -2.9760333093454419E-003
   1.7999999999999998        7.5952572505467358E-002   8.1404516070767097E-002   7.1171995733842988E-002   7.9275880967805704E-002  -2.8898695561441327E-003  -2.8076971049228673E-003  -2.7472462961335531E-003  -2.8981742226651605E-003
   2.1000000000000001        7.6202495990323874E-002   8.0955940101659768E-002   7.4832955532278603E-002   8.3251738271985218E-002  -1.3410910971246364E-003  -1.0595928748041673E-003  -2.5849358007491163E-003  -2.6509357928847866E-003
   2.3999999999999999        7.6200752060158000E-002   8.0403244662400328E-002   7.9729518228891835E-002   8.8300897520948468E-002   1.6189778880015420E-003   2.2497769631012248E-003  -1.9665037149199146E-003  -1.8989928037458942E-003
   2.6999999999999997        7.6265704722764074E-002   8.0220823474318317E-002   8.3163845543363382E-002   9.1289174216503732E-002   6.0043272666569746E-003   7.0855581092942616E-003  -5.4069497682502862E-004  -2.5697032715843405E-004
   3.0000000000000000        7.6480327146345492E-002   8.0422506607523869E-002   8.2911342407801542E-002   8.9890405739265197E-002   1.0887149335548034E-002   1.2325406165498766E-002   1.8788487536938582E-003   2.4573740247435696E-003
   3.2999999999999998        7.6558077194413432E-002   8.0467032533568669E-002   7.8296523423878550E-002   8.3709123179308509E-002   1.4723904147843182E-002   1.6183297441709876E-002   5.1204525166625532E-003   6.0067354358157680E-003
   3.5999999999999996        7.5879965177465633E-002   7.9463746191146920E-002   7.0244986099310208E-002   7.4090234938250565E-002   1.6149356350001656E-002   1.7187845341433802E-002   8.6381756338730856E-003   9.7368887636367519E-003
   3.8999999999999999        7.3688556587804876E-002   7.6533162169094338E-002   6.0446103429614595E-002   6.3018913267883558E-002   1.4640669165431993E-002   1.4953896787843163E-002   1.1699761532364376E-002   1.2824881381065880E-002
   4.2000000000000002        6.9342786226913838E-002   7.1115369736796399E-002   5.0503957694013758E-002   5.2187969519545400E-002   1.0645185148378946E-002   1.0226311477351806E-002   1.3651989287048668E-002   1.4600075884856302E-002
   4.5000000000000000        6.2542273644592000E-002   6.3129990751302725E-002   4.1543784369565524E-002   4.2661021233161935E-002   5.2863344548397112E-003   4.3938139720503490E-003   1.4124112498569355E-002   1.4754908057458408E-002
   4.7999999999999998        5.3473216131215744E-002   5.3007536605383869E-002   3.4142113733165017E-002   3.4895259898212579E-002  -5.9537860115797293E-005  -1.0664809511195215E-003   1.3113727035717860E-002   1.3391082373207002E-002
   5.0999999999999996        4.2848942504744546E-002   4.1637536294897130E-002   2.8333862031700283E-002   2.8815288510807797E-002  -4.1603647225883960E-003  -4.9862576930674923E-003   1.0961439482005919E-002   1.0943055880423679E-002
   5.3999999999999995        3.1814462841540173E-002   3.0235125779245940E-002   2.3631571122326958E-002   2.3859561405990555E-002  -6.2665084497431408E-003  -6.7636124258852615E-003   8.2355320045348363E-003   8.0312134524192346E-003
   5.7000000000000002        2.1684175654623661E-002   2.0084034854493161E-002   1.9216541269873828E-002   1.9184715026355045E-002  -6.3411451576209912E-003  -6.5121007842938320E-003   5.5508386367846777E-003   5.2755044526797169E-003
   6.0000000000000000        1.3532106389660776E-002   1.2153095557064382E-002   1.4511695521863831E-002   1.4252622635901659E-002  -5.0406728608122509E-003  -4.9884988424391576E-003   3.3690600324029979E-003   3.1079602876678898E-003
   6.2999999999999998        7.8034608072819886E-003   6.7508128911190788E-003   9.7850911944541187E-003   9.4018006511037908E-003  -3.3248353917629649E-003  -3.1776334933536301E-003   1.8693719188516251E-003   1.6643884839924539E-003
   6.5999999999999996        4.2455657866959460E-003   3.5109495820568105E-003   5.8611984453115105E-003   5.4767816264547900E-003  -1.9043030098357301E-003  -1.7532459440951914E-003   9.7309259887810526E-004   8.3043388090356081E-004
   6.8999999999999995        2.2337696328397169E-003   1.7515813739420192E-003   3.2051932156135603E-003   2.8940623019355167E-003  -9.9585837148496894E-004  -8.7892289705743991E-004   4.8893162904834852E-004   3.9693204205809568E-004
   7.1999999999999993        1.1599696185230941E-003   8.5559214607492176E-004   1.6617365605984399E-003   1.4399777099851571E-003  -4.9767522792530899E-004  -4.1852905244415905E-004   2.4258411179788985E-004   1.8592202101232338E-004
   7.5000000000000000        6.0238695704541894E-004   4.1479297646124707E-004   8.4177714883630248E-004   6.9511702340419913E-004  -2.4516004139113956E-004  -1.9519692116420282E-004   1.2058368551928257E-004   8.6605991199523557E-005
   7.7999999999999998        3.1508828012903351E-004   2.0112524787439004E-004   4.2444342230683305E-004   3.3166455562307664E-004  -1.2105925557247973E-004  -9.0672951573023911E-005   6.0523982974579415E-005   4.0452083846279310E-005
   8.0999999999999996        1.6655940534256934E-004   9.7917688140129397E-005   2.1516177344702776E-004   1.5802438439504321E-004  -6.0396110619011857E-005  -4.2288167898279764E-005   3.0787085568478093E-005   1.9023212472415835E-005
   8.4000000000000004        8.9089312236574554E-005   4.7947823289039902E-005   1.1018993190468020E-004   7.5577334652347309E-005  -3.0543720321792951E-005  -1.9871197894975729E-005   1.5892924228915696E-005   9.0228019472208721E-006
   8.6999999999999993        4.8225554795510497E-005   2.3629403474762461E-005   5.7126858598706138E-005   3.6370494371086087E-005  -1.5675810203081052E-005  -9.4207508480015561E-006   8.3275120655071012E-006   4.3186626385661145E-006
   9.0000000000000000        2.6410714875284158E-005   1.1720086407841817E-005   2.9999705070917621E-005   1.7628030359280680E-005  -8.1653981124055218E-006  -4.5076322967633741E-006   4.4272945911937913E-006   2.0858278378691630E-006
   9.2999999999999989        1.4625020802709508E-005   5.8493265759148316E-006   1.5955624302007360E-005   8.6066663538553901E-006  -4.3151553556621059E-006  -2.1764258740443622E-006   2.3866993209729169E-006   1.0161882823245313E-006
   9.5999999999999996        8.1838342417109964E-006   2.9365130345667606E-006   8.5906433175417672E-006   4.2321642106045260E-006  -2.3121898399170760E-006  -1.0599917200947318E-006   1.3036911502571198E-006   4.9914563593167945E-007
   9.9000000000000004        4.6247723272201170E-006   1.4823393274568011E-006   4.6793606621951075E-006   2.0952400223580370E-006  -1.2553254969096996E-006  -5.2048986366083616E-007   7.2101103463440000E-007   2.4706458174816455E-007
   10.199999999999999        2.6377812169782468E-006   7.5212936328929412E-007   2.5769889253723688E-006   1.0439237961663899E-006  -6.9005461713052130E-007  -2.5754189669913762E-007   4.0344008687996819E-007   1.2316765254802160E-007
   10.500000000000000        1.5176161179728068E-006   3.8345531806866793E-007   1.4339162352623281E-006   5.2321841285312354E-007  -3.8379429599242111E-007  -1.2834691639735027E-007   2.2823426438291256E-007   6.1811256614761252E-008
   10.799999999999999        8.8031798403724825E-007   1.9636947244481659E-007   8.0566406233173277E-007   2.6369292077420315E-007  -2.1582790777294075E-007  -6.4388751923295868E-008   1.3045484771272064E-007   3.1211735368187163E-008
   11.100000000000000        5.1460151532379720E-007   1.0098159871358925E-007   4.5683038371602438E-007   1.3358225208061027E-007  -1.2264011988243503E-007  -3.2502674100143784E-008   7.5292082445989412E-008   1.5851005018643280E-008
   11.400000000000000        3.0302203755601281E-007   5.2131922588369832E-008   2.6127498427667223E-007   6.7995618671335007E-008  -7.0374007627537744E-008  -1.6501520141332139E-008   4.3852997842316679E-008   8.0929702817342694E-009
   11.699999999999999        1.7967340823621475E-007   2.7011825252255882E-008   1.5065122667283995E-007   3.4766075382004503E-008  -4.0757059019120341E-008  -8.4226705720657646E-009   2.5762004528980444E-008   4.1524956687216050E-009
   12.000000000000000        1.0723830365627349E-007   1.4044250055509618E-008   8.7536210091119733E-008   1.7850349925089548E-008  -2.3810972376370582E-008  -4.3205147460708345E-009   1.5257282051984721E-008   2.1404827292310740E-009
   12.299999999999999        6.4407498850953726E-008   7.3257583161705509E-009   5.1235159887061530E-008   9.2011054758669061E-009  -1.4025687655996245E-008  -2.2265513024564488E-009   9.1053098407702639E-009   1.1081006080369810E-009
   12.600000000000000        3.8915207983990291E-008   3.8330037211981193E-009   3.0196336887412671E-008   4.7602790368077023E-009  -8.3262251822252008E-009  -1.1524053437998850E-009   5.4733101227601360E-009   5.7595251965091832E-010
   12.900000000000000        2.3647517889576123E-008   2.0113563523141441E-009   1.7914341967295387E-008   2.4713303431993090E-009  -4.9792917257056878E-009  -5.9886395960784990E-010   3.3126421245381852E-009   3.0048293928668364E-010
   13.199999999999999        1.4448787799575277E-008   1.0583733197133119E-009   1.0694865633486347E-008   1.2872145613049223E-009  -2.9985697809625030E-009  -3.1238257231927509E-010   2.0179567625731624E-009   1.5731634242309006E-010
   13.500000000000000        8.8748602715146660E-009   5.5838207768599062E-010   6.4232788392848424E-009   6.7253754643152007E-010  -1.8177407292820212E-009  -1.6352191224635234E-010   1.2368497064409060E-009   8.2632852776576787E-011
   13.799999999999999        5.4788269912571824E-009   2.9533467280811349E-010   3.8800284907344115E-009   3.5241820148286513E-010  -1.1088588035579179E-009  -8.5881412178760909E-011   7.6252567812318276E-010   4.3538001968411662E-011
   14.100000000000000        3.3988123177753112E-009   1.5658128068273033E-010   2.3567268316004230E-009   1.8518822194526869E-010  -6.8047603203870605E-010  -4.5244719820726355E-011   4.7271325112210443E-010   2.3005954550298786E-011
   14.399999999999999        2.1183736183909153E-009   8.3207715086364967E-011   1.4390913905193158E-009   9.7571784821736421E-011  -4.1996872915067145E-010  -2.3905663892388613E-011   2.9459629706943449E-010   1.2189719744272131E-011
   14.699999999999999        1.3262923217765678E-009   4.4314409679345742E-011   8.8326209145762222E-010   5.1539310912948042E-011  -2.6059889306098390E-010  -1.2665523579447191E-011   1.8451386328495215E-010   6.4753078105683323E-012
   15.000000000000000        8.3399702287286669E-010   2.3650813697271217E-011   5.4480208391636052E-010   2.7290315355220068E-011  -1.6254422037871681E-010  -6.7276928357443758E-012   1.1611614890309833E-010   3.4480779353030640E-012
   15.299999999999999        5.2662950673464359E-010   1.2648279212919771E-011   3.3765300294603942E-010   1.4484060611733989E-011  -1.0188561560350845E-010  -3.5823375154461278E-012   7.3402217930117081E-011   1.8402843003446911E-012
   15.600000000000000        3.3387601250209438E-010   6.7774654927506542E-012   2.1024691327475225E-010   7.7044935191151981E-012  -6.4165571642851083E-011  -1.9119027143414938E-012   4.6598079067621422E-011   9.8430328010821715E-013
   15.899999999999999        2.1248185189920603E-010   3.6384885139597372E-012   1.3151389789002616E-010   4.1070868354733629E-012  -4.0592924335237665E-011  -1.0226101296978777E-012   2.9699740976175348E-011   5.2754176595429069E-013
   16.199999999999999        1.3571271929025787E-010   1.9568600767785654E-012   8.2635508482959020E-011   2.1939564361099832E-012  -2.5791342430460624E-011  -5.4808700515020272E-013   1.8999196909345820E-011   2.8328125339764295E-013
   16.500000000000000        8.6969656019849161E-011   1.0542632531554709E-012   5.2155893419147679E-011   1.1743563445712807E-012  -1.6454829736008156E-011  -2.9433218416316226E-013   1.2194627580733994E-011   1.5239139098571874E-013
   16.800000000000001        5.5901077840015790E-011   5.6891800506369529E-013   3.3067063428642964E-011   6.2983983931276245E-013  -1.0539801809430934E-011  -1.5835499030705253E-013   7.8500921690136242E-012   8.2116278188211757E-014
   17.099999999999998        3.6023797494303395E-011   3.0747706880568161E-013   2.1061669411064103E-011   3.3846205272640136E-013  -6.7766770303966354E-012  -8.5347574209586779E-014   5.0655821383765089E-012   4.4315888787265730E-014
   17.399999999999999        2.3260530176313562E-011   1.6640678205402160E-013   1.3480148449702798E-011   1.8224190783411313E-013  -4.3729236129696714E-012  -4.6076335279828219E-014   3.2744450997288492E-012   2.3947891567498422E-014
   17.699999999999999        1.5036723895091057E-011   9.0162030842416841E-014   8.6730812195761896E-012   9.8329399177645591E-014  -2.8315177303321193E-012  -2.4914683174471692E-014   2.1183650257264087E-012   1.2954886769162484E-014
   18.000000000000000        9.7203455386759658E-012   4.8888765770379657E-014   5.6131313396192964E-012   5.3174728397545995E-014  -1.8393723042763769E-012  -1.3492335992357768E-014   1.3698230743914342E-012   7.0125414235252615E-015
   18.300000000000001        6.2729098201503799E-012   2.6512854672505022E-014   3.6577639458240298E-012   2.8833276967300610E-014  -1.1984207594277000E-012  -7.3170314077114059E-015   8.8377757194796366E-013   3.7957315120513906E-015
   18.599999999999998        4.0311969021470166E-012   1.4364808775101152E-014   2.4034978521004688E-012   1.5688743582490462E-014  -7.8284101855353694E-013  -3.9733187501614931E-015   5.6741499465281479E-013   2.0520756525077316E-015
   18.899999999999999        2.5701695749006704E-012   7.7610721940822283E-015   1.5959870928250264E-012   8.5783679263485255E-015  -5.1238008060999559E-013  -2.1601227424716460E-015   3.6113088776948524E-013   1.1058762309018850E-015
   19.199999999999999        1.6165528549144753E-012   4.1674183817218937E-015   1.0743105410987108E-012   4.7254771753050061E-015  -3.3564351306228554E-013  -1.1754260348833263E-015   2.2652178181549341E-013   5.9199854039745073E-016
   19.500000000000000        9.9415355759949104E-013   2.2105617754037688E-015   7.3631514438782063E-013   2.6341948849325940E-015  -2.1958095383207151E-013  -6.3980909831071955E-016   1.3877383097660879E-013   3.1284267126778382E-016
   19.800000000000001        5.8914702000320373E-013   1.1453643565802284E-015   5.1697239036374738E-013   1.4974298056867640E-015  -1.4284111683027780E-013  -3.4785089836031421E-016   8.1820855514840694E-014   1.6134035366393940E-016
   20.099999999999998        3.2797856587239618E-013   5.6720486425799786E-016   3.7479820595396522E-013   8.7921256575501835E-016  -9.1553243529871271E-014  -1.8810292217589202E-016   4.5254479520314469E-014   7.9434631112796623E-017
   20.399999999999999        1.6327339189036052E-013   2.5653667427674588E-016   2.8352160198429128E-013   5.4417961427465262E-016  -5.6633915353887410E-014  -9.9898240947985098E-017   2.2348029123171674E-014   3.5666672768843726E-017
   20.699999999999999        6.4870116911015016E-014   9.4913886961966578E-017   2.2761049820684062E-013   3.7376294078556258E-016  -3.3226596979017923E-014  -5.3666334017097800E-017   8.7934563789654726E-015   1.3077940159738710E-017
   21.000000000000000        1.4194493617496535E-014   1.9874609985315908E-017   1.8088858777972868E-013   2.4179301676901267E-016  -9.1463420427738652E-015  -6.2068582854993682E-018   1.9023053485745169E-015   2.7087309000494709E-018
