nprot,nneut=  50  50
rms_c,rms_p,rms_n,rms_tot=   4.4980       4.4202       4.3391       4.3799    
densities with m. correction:
  i      r          rho-coul        rho-prot       rho-neut       rho-mass
    1  0.000    6.976961610526E-02  6.603563671655E-02  7.070654961074E-02  0.136742186327    
    2  0.300    7.016911022904E-02  6.676849065846E-02  7.167337436885E-02  0.138441865027    
    3  0.600    7.124100719975E-02  6.870103762515E-02  7.416970550820E-02  0.142870743133    
    4  0.900    7.266371018621E-02  7.118005258226E-02  7.721934902676E-02  0.148399401609    
    5  1.200    7.405993287401E-02  7.349555957569E-02  7.979677813900E-02  0.153292337715    
    6  1.500    7.514024190580E-02  7.515814540054E-02  8.125850835214E-02  0.156416653753    
    7  1.800    7.578755434259E-02  7.601554210321E-02  8.151848883061E-02  0.157534030934    
    8  2.100    7.605739612634E-02  7.623615466071E-02  8.099421186981E-02  0.157230366531    
    9  2.400    7.609973771083E-02  7.618807316335E-02  8.035824229475E-02  0.156546315458    
   10  2.700    7.603139347074E-02  7.623210116732E-02  8.015317949656E-02  0.156385280664    
   11  3.000    7.580937558436E-02  7.648350585293E-02  8.042616006053E-02  0.156909665913    
   12  3.300    7.516545645642E-02  7.665948138934E-02  8.061435523848E-02  0.157273836628    
   13  3.600    7.364139900941E-02  7.611525631751E-02  7.977182790769E-02  0.155887084225    
   14  3.900    7.071686113593E-02  7.405342796757E-02  7.696631108207E-02  0.151019739050    
   15  4.200    6.598163866624E-02  6.979415565453E-02  7.160588764957E-02  0.141400043304    
   16  4.500    5.929471074141E-02  6.300782749246E-02  6.359757834719E-02  0.126605405840    
   17  4.800    5.088476670961E-02  5.386604750414E-02  5.337216448021E-02  0.107238211984    
   18  5.100    4.136047445667E-02  4.308814407261E-02  4.183227420917E-02  8.492041828178E-02
   19  5.400    3.161020347470E-02  3.185247577348E-02  3.022699629499E-02  6.207947206846E-02
   20  5.700    2.259391028280E-02  2.153565304502E-02  1.989992049388E-02  4.143557353890E-02
   21  6.000    1.507856450163E-02  1.328134351024E-02  1.188431246843E-02  2.516565597868E-02
   22  6.300    9.429111377854E-03  7.558766301038E-03  6.504080692182E-03  1.406284699322E-02
   23  6.600    5.573476841285E-03  4.068779890317E-03  3.340497077555E-03  7.409276967873E-03
   24  6.900    3.152237346712E-03  2.127192795106E-03  1.653049322218E-03  3.780242117324E-03
   25  7.200    1.728450724013E-03  1.101728069670E-03  8.040817160936E-04  1.905809785764E-03
   26  7.500    9.300459299565E-04  5.719815414484E-04  3.891887713230E-04  9.611703127714E-04
   27  7.800    4.960323641163E-04  2.994707404536E-04  1.886756803654E-04  4.881464208190E-04
   28  8.100    2.642197039810E-04  1.585418331672E-04  9.190481185303E-05  2.504466450202E-04
   29  8.400    1.413078241750E-04  8.494487663082E-05  4.504157563284E-05  1.299864522637E-04
   30  8.700    7.613376085468E-05  4.606046904203E-05  2.221833136927E-05  6.827880041130E-05
   31  9.000    4.140236637626E-05  2.526638992066E-05  1.103082303161E-05  3.629721295227E-05
   32  9.300    2.274490611555E-05  1.401285859054E-05  5.510482068379E-06  1.952334065892E-05
   33  9.600    1.262499193383E-05  7.852483385097E-06  2.768763980639E-06  1.062124736574E-05
   34  9.900    7.078869635588E-06  4.443422973573E-06  1.398854669045E-06  5.842277642618E-06
   35 10.200    4.007602136522E-06  2.537420029618E-06  7.102417784496E-07  3.247661808068E-06
   36 10.500    2.289572357838E-06  1.461566663269E-06  3.624096755520E-07  1.823976338821E-06
   37 10.800    1.319247068247E-06  8.486627817769E-07  1.856554882794E-07  1.034318270056E-06
   38 11.100    7.662384913121E-07  4.966189093908E-07  9.558022545262E-08  5.921991348434E-07
   39 11.400    4.483841917497E-07  2.926666113327E-07  4.932319448627E-08  3.419898058189E-07
   40 11.700    2.642358822803E-07  1.737140501868E-07  2.561312426419E-08  1.993271744510E-07
   41 12.000    1.567527451419E-07  1.037347463204E-07  1.328372639127E-08  1.170184727116E-07
   42 12.300    9.357758085296E-08  6.237833247981E-08  6.968301268202E-09  6.934663374801E-08
   43 12.600    5.619863755822E-08  3.769029604846E-08  3.614678215344E-09  4.130497426380E-08
   44 12.900    3.394422308242E-08  2.294242666461E-08  1.927364776294E-09  2.486979144091E-08
   45 13.200    2.061488659056E-08  1.400513152833E-08  9.874990316069E-10  1.499263055994E-08
   46 13.500    1.258609098888E-08  8.627611128829E-09  5.457266534157E-10  9.173337782245E-09
   47 13.800    7.723160397318E-09  5.310962064628E-09  2.664696339445E-10  5.577431698573E-09
   48 14.100    4.762594757274E-09  3.313252510050E-09  1.615208184779E-10  3.474773328528E-09
   49 14.400    2.950721932209E-09  2.050841406170E-09  6.754382283151E-11  2.118385229001E-09
   50 14.700    1.836699127418E-09  1.298619739285E-09  5.258704083478E-11  1.351206780120E-09
   51 15.000    1.148227412894E-09  8.042688729081E-10  1.302686379408E-11  8.172957367022E-10
   52 15.300    7.210252552962E-10  5.196756673982E-10  2.059651016348E-11  5.402721775617E-10
   53 15.600    4.545396241642E-10  3.190817182547E-10 -1.293207889549E-12  3.177885103652E-10
   54 15.900    2.877802981777E-10  2.127124618513E-10  1.045337782007E-11  2.231658396714E-10
   55 16.200    1.828080147135E-10  1.272513422692E-10 -4.438648155839E-12  1.228126941134E-10
   56 16.500    1.166179480198E-10  8.940919566593E-11  6.672905355494E-12  9.608210102142E-11
   57 16.800    7.457051944526E-11  5.042848735503E-11 -4.544841380334E-12  4.588364597470E-11
   58 17.100    4.788609644605E-11  3.885045459095E-11  4.842164947228E-12  4.369261953817E-11
   59 17.400    3.077119791352E-11  1.941714761100E-11 -3.893312399320E-12  1.552383521168E-11
   60 17.700    1.985852872675E-11  1.760505758213E-11  3.676185342965E-12  2.128124292510E-11
   61 18.000    1.278378769811E-11  6.917028905001E-12 -3.113960654675E-12  3.803068250326E-12
   62 18.300    8.264309042099E-12  8.377646474401E-12  2.784593772378E-12  1.116224024678E-11
   63 18.600    5.296922941425E-12  1.988866048509E-12 -2.369722029855E-12 -3.808559813460E-13
   64 18.900    3.406275002032E-12  4.168158838552E-12  2.037431887959E-12  6.205590726510E-12
   65 19.200    2.146287175400E-12  1.875258413982E-13 -1.692669325464E-12 -1.505143484065E-12
   66 19.500    1.351349147442E-12  2.098379458632E-12  1.383000022369E-12  3.481379481002E-12
   67 19.800    8.138741916782E-13 -3.141306686744E-13 -1.079633008017E-12 -1.393763676692E-12
   68 20.100    4.812839642724E-13  9.671982637268E-13  7.946836230863E-13  1.761881886813E-12
   69 20.400    2.542736981206E-13 -2.713956801113E-13 -5.191846869516E-13 -7.905803670629E-13
   70 20.700    1.111767942121E-13  2.697089432194E-13  2.549628796997E-13  5.246718229191E-13
   71 21.000   -1.896288535584E-24  8.714079543954E-16  1.019066388973E-15  1.890474343368E-15

