nprot,nneut=  50  70
rms_c,rms_p,rms_n,rms_tot=   4.6605       4.5867       4.7279       4.6696    
densities with m. correction:
  i      r          rho-coul        rho-prot       rho-neut       rho-mass
    1  0.000    6.021208513944E-02  5.079664753295E-02  0.112309533863      0.163106181396    
    2  0.300    6.096923343089E-02  5.245552661873E-02  0.110341390290      0.162796916909    
    3  0.600    6.297153446626E-02  5.688194315303E-02  0.105198363603      0.162080306756    
    4  0.900    6.551549756880E-02  6.258605999150E-02  9.883124855610E-02  0.161417308548    
    5  1.200    6.774046509578E-02  6.766200447538E-02  9.348957132392E-02  0.161151575799    
    6  1.500    6.897428359363E-02  7.058544811104E-02  9.068918231112E-02  0.161274630422    
    7  1.800    6.899316312064E-02  7.086864663035E-02  9.061423414093E-02  0.161482880771    
    8  2.100    6.806938039307E-02  6.916037324086E-02  9.224062550095E-02  0.161400998742    
    9  2.400    6.679132947296E-02  6.679100532780E-02  9.399620334204E-02  0.160787208670    
   10  2.700    6.575396664635E-02  6.508753269875E-02  9.454335823793E-02  0.159630890937    
   11  3.000    6.526529750409E-02  6.477677454620E-02  9.332480571212E-02  0.158101580258    
   12  3.300    6.519265350185E-02  6.567995257825E-02  9.064963473678E-02  0.156329587315    
   13  3.600    6.500639276788E-02  6.682463985548E-02  8.728166625310E-02  0.154106306109    
   14  3.900    6.398938780352E-02  6.693844563362E-02  8.377974931492E-02  0.150718194949    
   15  4.200    6.150408585698E-02  6.502441021926E-02  8.005287571402E-02  0.145077285933    
   16  4.500    5.719649107865E-02  6.066640934533E-02  7.542779427463E-02  0.136094203620    
   17  4.800    5.107815477575E-02  5.399638781560E-02  6.910901914225E-02  0.123105406958    
   18  5.100    4.350465474109E-02  4.552200467946E-02  6.068101430516E-02  0.106203018985    
   19  5.400    3.509748626646E-02  3.600308151323E-02  5.038636576756E-02  8.638944728080E-02
   20  5.700    2.663229296778E-02  2.639013900865E-02  3.911023600386E-02  6.550037501251E-02
   21  6.000    1.888885698581E-02  1.770930890604E-02  2.812551850428E-02  4.583482741032E-02
   22  6.300    1.247258582734E-02  1.080342967096E-02  1.867905744152E-02  2.948248711248E-02
   23  6.600    7.668153019217E-03  6.020278565524E-03  1.153904661699E-02  1.755932518251E-02
   24  6.900    4.410071032157E-03  3.121477852332E-03  6.753240166819E-03  9.874718019151E-03
   25  7.200    2.392249403882E-03  1.543561764824E-03  3.830553753704E-03  5.374115518529E-03
   26  7.500    1.235968663375E-03  7.440372767400E-04  2.146256177438E-03  2.890293454178E-03
   27  7.800    6.138740537454E-04  3.549497107648E-04  1.202575152146E-03  1.557524862910E-03
   28  8.100    2.953107573440E-04  1.691348183829E-04  6.783153586253E-04  8.474501770082E-04
   29  8.400    1.382838779988E-04  8.090936257160E-05  3.863137303707E-04  4.672230929423E-04
   30  8.700    6.315585738035E-05  3.895892436170E-05  2.223668780322E-04  2.613258023939E-04
   31  9.000    2.808440361885E-05  1.890477949854E-05  1.293635474953E-04  1.482683269939E-04
   32  9.300    1.207649401096E-05  9.249012956384E-06  7.602715382822E-05  8.527616678460E-05
   33  9.600    4.942622970112E-06  4.562055237009E-06  4.510954506639E-05  4.967160030340E-05
   34  9.900    1.857359074683E-06  2.268362964657E-06  2.700555559562E-05  2.927391856028E-05
   35 10.200    5.801057581410E-07  1.136484031429E-06  1.630366604411E-05  1.744015007554E-05
   36 10.500    8.890854534013E-08  5.736364358212E-07  9.922186395875E-06  1.049582283170E-05
   37 10.800   -7.355430474052E-08  2.915090152093E-07  6.085599701197E-06  6.377108716406E-06
   38 11.100   -1.070769958469E-07  1.491540449967E-07  3.761661045480E-06  3.910815090477E-06
   39 11.400   -9.598199015727E-08  7.676348709746E-08  2.343601231813E-06  2.420364718910E-06
   40 11.700   -7.390882690689E-08  3.976488175617E-08  1.472451671665E-06  1.512216553421E-06
   41 12.000   -5.293449248510E-08  2.069549411614E-08  9.334726193953E-07  9.541681135115E-07
   42 12.300   -3.640082105995E-08  1.084377953581E-08  5.978240982297E-07  6.086678777655E-07
   43 12.600   -2.442040551807E-08  5.698037286012E-09  3.871963459965E-07  3.928943832825E-07
   44 12.900   -1.613009508561E-08  3.018845453452E-09  2.541002728714E-07  2.571191183248E-07
   45 13.200   -1.055112881361E-08  1.598300918623E-09  1.692126159056E-07  1.708109168242E-07
   46 13.500   -6.861739699349E-09  8.569058702009E-10  1.146286176723E-07  1.154855235425E-07
   47 13.800   -4.449623094932E-09  4.555301276762E-10  7.909216504231E-08  7.954769516998E-08
   48 14.100   -2.883372915860E-09  2.479660612368E-10  5.571958440974E-08  5.596755047097E-08
   49 14.400   -1.870830591275E-09  1.314203093797E-10  4.007854063561E-08  4.020996094499E-08
   50 14.700   -1.217247169368E-09  7.330036056919E-11  2.947764405913E-08  2.955094441970E-08
   51 15.000   -7.956721194037E-10  3.811505275881E-11  2.211986961889E-08  2.215798467165E-08
   52 15.300   -5.232074929647E-10  2.228317668300E-11  1.693827030881E-08  1.696055348549E-08
   53 15.600   -3.468518785836E-10  1.094421689582E-11  1.317684707238E-08  1.318779128928E-08
   54 15.900   -2.321255124113E-10  7.079564657672E-12  1.040864382305E-08  1.041572338771E-08
   55 16.200   -1.572796315391E-10  2.991260972202E-12  8.299470513727E-09  8.302461774699E-09
   56 16.500   -1.080362588086E-10  2.427795989752E-12  6.678245182818E-09  6.680672978808E-09
   57 16.800   -7.552806379994E-11  6.842636764294E-13  5.387158008092E-09  5.387842271768E-09
   58 17.100   -5.379123534739E-11  9.438691042875E-13  4.358619662976E-09  4.359563532080E-09
   59 17.400   -3.921622003076E-11  4.506996396651E-14  3.511747923896E-09  3.511792993860E-09
   60 17.700   -2.925941353198E-11  4.340256790581E-13  2.821012321347E-09  2.821446347026E-09
   61 18.000   -2.245194783494E-11 -1.043854905014E-13  2.241086778085E-09  2.240982392595E-09
   62 18.300   -1.766922109601E-11  2.346412317508E-13  1.763333550124E-09  1.763568191356E-09
   63 18.600   -1.431076453150E-11 -1.146788231282E-13  1.360190544954E-09  1.360075866130E-09
   64 18.900   -1.184571672281E-11  1.402258513293E-13  1.029446036647E-09  1.029586262499E-09
   65 19.200   -1.001214888312E-11 -8.941168463865E-14  7.533023916550E-10  7.532129799704E-10
   66 19.500   -8.514431120359E-12  8.478922590932E-14  5.315858904041E-10  5.316706796300E-10
   67 19.800   -7.187658791926E-12 -5.808368065397E-14  3.524031790356E-10  3.523450953550E-10
   68 20.100   -5.798085662173E-12  4.571506755158E-14  2.159253569864E-10  2.159710720540E-10
   69 20.400   -4.194243140440E-12 -2.801254123126E-14  1.136952815082E-10  1.136672689669E-10
   70 20.700   -2.199920891719E-12  1.428020795577E-14  4.754518392311E-11  4.755946413106E-11
   71 21.000   -1.878240067442E-26 -2.077266980211E-17  4.205289549419E-16  3.997562851398E-16

