 r rp rn tp tn ssp ssn sp sn 
   0.0000000000000000        5.1995906228259961E-002  0.11089369061321405        8.3919639775762639E-002   9.2621650042569142E-002  -7.9562405506416953E-003   1.1431410432388542E-003   0.0000000000000000        0.0000000000000000     
  0.29999999999999999        5.3535220887094344E-002  0.10908394931224455        8.2216528021758675E-002   9.5222683660688076E-002  -7.4853073170865949E-003   1.1638764575940689E-003  -7.6850762172580667E-004   1.1532034629939099E-004
  0.59999999999999998        5.7656478402982651E-002  0.10434501235830806        7.7433522153111251E-002  0.10170295059532458       -6.1940564347999832E-003   1.1941200645591626E-003  -1.3743166434214201E-003   2.3667814445181299E-004
  0.89999999999999991        6.2948640877053555E-002   9.8479659399730676E-002   7.0736886721182071E-002  0.10917459388643855       -4.5594599344507929E-003   1.1752073303902340E-003  -1.7231021055531754E-003   3.5583787316184964E-004
   1.2000000000000000        6.7643566757049106E-002   9.3551936224616328E-002   6.4064787319372124E-002  0.11449000108832653       -3.1062452692410185E-003   1.1262108698315895E-003  -1.8299524263960542E-003   4.6544571590844010E-004
   1.5000000000000000        7.0341326063416879E-002   9.0952594604406162E-002   5.9434758616201920E-002  0.11590619215764399       -2.0832255286413895E-003   1.0301638023921750E-003  -1.7843549659254303E-003   5.6141751384236301E-004
   1.7999999999999998        7.0596471998033275E-002   9.0854280641369564E-002   5.7980622240776457E-002  0.11371285495819472       -1.3182634890257527E-003   7.4965882701131517E-004  -1.6615711155081182E-003   6.1963043395283875E-004
   2.1000000000000001        6.9008500690735275E-002   9.2316092638535463E-002   5.9521835492141281E-002  0.10966767658523431       -3.4366569205604262E-004   1.2983080665086540E-004  -1.4413435517827507E-003   5.7552999534855160E-004
   2.3999999999999999        6.6810080029740149E-002   9.3884545324324276E-002   6.2805366421527245E-002  0.10583686252585028        1.3252809453034010E-003  -7.4779412507958425E-004  -9.8639701479437988E-004   3.5809552652856929E-004
   2.6999999999999997        6.5230457140042497E-002   9.4319493300445728E-002   6.6007531206238368E-002  0.10348720404031139        3.9181401196501887E-003  -1.4341209227258186E-003  -8.7514989211771635E-005  -2.5006951157017061E-005
   3.0000000000000000        6.4933025691152751E-002   9.3100651916105337E-002   6.7299644899422958E-002  0.10239968355121280        7.1963916880838944E-003  -1.2921980456370697E-003   1.4388549375843320E-003  -4.1831970821950030E-004
   3.2999999999999998        6.5733552071681509E-002   9.0500103120246075E-002   6.5509198308236025E-002  0.10093027315643438        1.0381847030891556E-002   8.1218570718443297E-005   3.6219943319415462E-003  -5.3964176390843856E-004
   3.5999999999999996        6.6713529229591340E-002   8.7198514312896269E-002   6.0617514965328773E-002   9.6976087520180707E-002   1.2401147059405806E-002   2.4703286105273582E-003   6.2359193275325466E-003  -1.1103731091615375E-004
   3.8999999999999999        6.6676758982396986E-002   8.3688023473731332E-002   5.3626869506238711E-002   8.9321407272124231E-002   1.2434379055099596E-002   5.0043364525323882E-003   8.8168839070368182E-003   9.6346516051949423E-004
   4.2000000000000002        6.4675108652103422E-002   7.9874145351875925E-002   4.5870185927337222E-002   7.8342956435044728E-002   1.0373514288983001E-002   6.5699520418511835E-003   1.0825680779550708E-002   2.4912780674731681E-003
   4.5000000000000000        6.0298655440456546E-002   7.5135711832759078E-002   3.8404741881465823E-002   6.5643291309444046E-002   6.8142839436931037E-003   6.4246543291619235E-003   1.1853645485796271E-002   4.0419749458178401E-003
   4.7999999999999998        5.3664429812583112E-002   6.8742619147872774E-002   3.1849888630397977E-002   5.3133567625885773E-002   2.6859917256530736E-003   4.5968640542262207E-003   1.1743670425070588E-002   5.1359760221889325E-003
   5.0999999999999996        4.5267963440963829E-002   6.0321782989718041E-002   2.6472717988721872E-002   4.2258112370371179E-002  -1.1069898351433573E-003   1.8321793755718548E-003   1.0595211651174720E-002   5.4594531265712357E-003
   5.3999999999999995        3.5863021788301752E-002   5.0122335164350010E-002   2.2239188226499753E-002   3.3634534663770810E-002  -3.8654217401678367E-003  -8.2733377725356682E-004   8.7041455278331209E-003   4.9863569515693406E-003
   5.7000000000000002        2.6386322439543503E-002   3.9003617988617734E-002   1.8787039530393131E-002   2.7048199306740982E-002  -5.1932695576249570E-003  -2.5489405555477666E-003   6.4805555748945753E-003   3.9566398663147600E-003
   6.0000000000000000        1.7830161767797059E-002   2.8188462212687792E-002   1.5504053879358010E-002   2.1703623054515144E-002  -5.1030513740935486E-003  -3.0427157794897736E-003   4.3474674498777911E-003   2.7403474736757533E-003
   6.2999999999999998        1.0993585979259686E-002   1.8863460745615523E-002   1.1917814917004985E-002   1.6751028620785483E-002  -4.0391636856269260E-003  -2.5865524647877276E-003   2.6235223716908566E-003   1.6654241871605056E-003
   6.5999999999999996        6.2060953756642410E-003   1.1758752106826966E-002   8.1781379766583256E-003   1.1935573953807930E-002  -2.6693164450063049E-003  -1.7461397423775623E-003   1.4358257887934849E-003   8.9882529290938817E-004
   6.8999999999999995        3.2570540726243030E-003   6.9375928414727901E-003   4.9411349961204091E-003   7.7079421082468201E-003  -1.5210600123803290E-003  -9.8916771962304344E-004   7.2672283640946335E-004   4.3939322160308912E-004
   7.1999999999999993        1.6249174867905183E-003   3.9562242510378662E-003   2.6771827248065444E-003   4.5690253810874455E-003  -7.7828030894658783E-004  -4.9360224033580778E-004   3.4896577560586883E-004   1.9873950494952143E-004
   7.5000000000000000        7.8734186587075064E-004   2.2223387957355707E-003   1.3461190680881020E-003   2.5608260930522313E-003  -3.7304827172329833E-004  -2.2641178527827574E-004   1.6277779222985487E-004   8.4238948840793589E-005
   7.7999999999999998        3.7652399540221088E-004   1.2459574390659919E-003   6.4857811366573993E-004   1.3963952857937740E-003  -1.7319700049961897E-004  -9.8101203857460956E-005   7.5040323170200900E-005   3.3298680969452687E-005
   8.0999999999999996        1.7953691991256433E-004   7.0244424164687285E-004   3.0624475804664288E-004   7.5547935573305562E-004  -7.9529995610612864E-005  -4.0446701137982070E-005   3.4559675668654252E-005   1.1818447651493545E-005
   8.4000000000000004        8.5859291033440097E-005   3.9966057045535020E-004   1.4366317368282405E-004   4.1011524312432348E-004  -3.6529564392796044E-005  -1.5629519956500208E-005   1.5998035533539034E-005   3.2770732937828485E-006
   8.6999999999999993        4.1308098884715091E-005   2.2978066200145074E-004   6.7478075096285493E-005   2.2466262712154546E-004  -1.6879212579451396E-005  -5.3620530196440083E-006   7.4671870402366253E-006   1.7949833349786514E-007
   9.0000000000000000        2.0023520275436568E-005   1.3351886253954733E-004   3.1866310399379027E-005   1.2449978098929564E-004  -7.8675275552684042E-006  -1.3408630405820941E-006   3.5194478428162270E-006  -7.3772176501243711E-007
   9.2999999999999989        9.7848772689892195E-006   7.8380730876697696E-005   1.5162230749070930E-005   6.9844343770439948E-005  -3.7035506397937044E-006   8.3047358424940459E-008   1.6758804277133110E-006  -8.4797160318656481E-007
   9.5999999999999996        4.8208143429614834E-006   4.6457736167122839E-005   7.2754395514922149E-006   3.9659089424711404E-005  -1.7613907808562404E-006   4.7632410010270123E-007   8.0624010657174482E-007  -7.0575666560700278E-007
   9.9000000000000004        2.3942208475396331E-006   2.7785918581130613E-005   3.5216145667598360E-006   2.2779469834788510E-005  -8.4630504010295762E-007   4.9425840413557955E-007   3.9176326854195053E-007  -5.2024550599094757E-007
   10.199999999999999        1.1982840113757605E-006   1.6760143233707042E-005   1.7194127790367721E-006   1.3225172397940692E-005  -4.1068580625061091E-007   4.0015940143963842E-007   1.9219746045661602E-007  -3.5999724702247513E-007
   10.500000000000000        6.0416461761107016E-007   1.0191554888937898E-005   8.4657158872640045E-007   7.7547745715093498E-006  -2.0120186854738769E-007   2.9234076963272400E-007   9.5156143920709393E-008  -2.3958687739184569E-007
   10.799999999999999        3.0675470960964720E-007   6.2460642653293727E-006   4.2018728716210486E-007   4.5889920657013229E-006  -9.9471667763925372E-008   2.0202831091910680E-007   4.7520807720449274E-008  -1.5517718577745647E-007
   11.100000000000000        1.5678681082479390E-007   3.8579021277713977E-006   2.1016104626253668E-007   2.7387309786758350E-006  -4.9603270982762166E-008   1.3483756628559894E-007   2.3926700683127063E-008  -9.8399931205869805E-008
   11.400000000000000        8.0641442659881099E-008   2.4018389916597486E-006   1.0588215611393085E-007   1.6474469613895607E-006  -2.4938181776254500E-008   8.7826756812706260E-008   1.2140456986388089E-008  -6.1255054028423367E-008
   11.699999999999999        4.1724793692117909E-008   1.5078561170803857E-006   5.3714240839578042E-008   9.9838341076855112E-007  -1.2634823218872419E-008   5.6136381483673216E-008   6.2051356508947259E-009  -3.7452044431544305E-008
   12.000000000000000        2.1711176396739732E-008   9.5519884130759547E-007   2.7428020549254857E-008   6.0933039874464560E-007  -6.4482024121976318E-009   3.5303066630776042E-008   3.1933989011413250E-009  -2.2457818652862307E-008
   12.299999999999999        1.1357988115494568E-008   6.1118206475034193E-007   1.4092537749620719E-008   3.7443789072095419E-007  -3.3135877213313353E-009   2.1859211012581965E-008   1.6541446050288566E-009  -1.3160433500478255E-008
   12.600000000000000        5.9721849249608415E-009   3.9550492192304751E-007   7.2834100824469757E-009   2.3165499763348340E-007  -1.7138950835395994E-009   1.3313735255184606E-008   8.6209664405740360E-010  -7.4878976424060389E-009
   12.900000000000000        3.1555311233935781E-009   2.5925696783805897E-007   3.7853145831621611E-009   1.4430152766395950E-007  -8.9195295720158136E-010   7.9548977067902028E-009   4.5191315981353675E-010  -4.0895043837130385E-009
   13.199999999999999        1.6750229617208136E-009   1.7246709864736448E-007   1.9777486557436375E-009   9.0527121979149642E-008  -4.6690410825308173E-010   4.6392441609937981E-009   2.3819629390840883E-010  -2.0986312902085905E-009
   13.500000000000000        8.9307362356059315E-010   1.1666391728159590E-007   1.0385591923561881E-009   5.7222574614704157E-008  -2.4575771337344687E-010   2.6176885861095086E-009   1.2620305058875061E-010  -9.6644850197391934E-010
   13.799999999999999        4.7817610298470267E-010   8.0399950050336001E-008   5.4799912448411134E-010   3.6470824196370374E-008  -1.3003345828390776E-010   1.4065506627088528E-009   6.7195811192976432E-011  -3.4943754454816692E-010
   14.100000000000000        2.5706599622553634E-010   5.6541867966148324E-008   2.9048387075967837E-010   2.3460907575075163E-008  -6.9144058628730997E-011   6.9711591373370101E-010   3.5945359881819729E-011  -3.5072529476636469E-011
   14.399999999999999        1.3873471433250842E-010   4.0620232385653621E-008   1.5465711596449317E-010   1.5252316270409125E-008  -3.6940068515170843E-011   2.9431287647299322E-010   1.9313902175712820E-011   1.0647886338397767E-010
   14.699999999999999        7.5152237863826639E-011   2.9818950407719204E-008   8.2687953392130800E-011   1.0037840847951312E-008  -1.9823588916588784E-011   7.6045184065709545E-011   1.0421466900534397E-011   1.5335609528788726E-010
   15.000000000000000        4.0855618167901533E-011   2.2353243152377895E-008   4.4387823220034526E-011   6.7008884757458832E-009  -1.0683515613157522E-011  -3.3361500250888928E-011   5.6458650851651648E-012   1.5170452995723646E-010
   15.299999999999999        2.2287185442724469E-011   1.7084862367832914E-008   2.3920227003335475E-011   4.5480043591048227E-009  -5.7810315426010529E-012  -8.0296556104169904E-011   3.0703752084402260E-012   1.2808333000164070E-010
   15.600000000000000        1.2198194509291300E-011   1.3282929306059362E-008   1.2938465339389601E-011   3.1463276306197909E-009  -3.1403173015139196E-012  -9.2823405668554077E-011   1.6758400872057833E-012   9.7216316376678723E-011
   15.899999999999999        6.6975791179519528E-012   1.0474590263444619E-008   7.0235739856459805E-012   2.2242829483098891E-009  -1.7121506449206313E-012  -8.7633504831763315E-011   9.1786292125382963E-013   6.6792496854503140E-011
   16.199999999999999        3.6886497658778497E-012   8.3513257780981047E-009   3.8259535486590884E-012   1.6105980955144568E-009  -9.3678262220823420E-013  -7.4427928231644629E-011   5.0437372875753915E-013   4.0411194283859232E-011
   16.500000000000000        2.0374518740690178E-012   6.7098989366015148E-009   2.0911405062794433E-012   1.1966750489028780E-009  -5.1427659287310349E-013  -5.8659055478522108E-011   2.7802270238159874E-013   1.9368629606415193E-011
   16.800000000000001        1.1285339795651915E-012   5.4149572943616107E-009   1.1467132481935399E-012   9.1326309038645363E-010  -2.8323863183326177E-013  -4.3233596777471624E-011   1.5370187784759621E-013   3.7264508187220709E-012
   17.099999999999998        6.2672002892367499E-013   4.3752293794667830E-009   6.3086387677723078E-013   7.1593262261200085E-010  -1.5647547083991583E-013  -2.9561721741833756E-011   8.5202845720337574E-014  -7.0610854974788641E-012
   17.399999999999999        3.4887091687421184E-013   3.5282932113318907E-009   3.4820122572856959E-013   5.7598917481761292E-010  -8.6700428676107222E-014  -1.8196997893618041E-011   4.7346183430447160E-014  -1.3788527797514548E-011
   17.699999999999999        1.9460156047335895E-013   2.8307738439328607E-009   1.9283307134485538E-013   4.7476505357100589E-010  -4.8175092399134117E-014  -9.2219178921072659E-012   2.6363724476666235E-014  -1.7302089683393679E-011
   18.000000000000000        1.0871805391781266E-013   2.2519951849396800E-009   1.0717554302665800E-013   4.0001702011861299E-010  -2.6840820591681963E-014  -2.4764067484040520E-012   1.4701975310327503E-014  -1.8397987960887884E-011
   18.300000000000001        6.0783305690238801E-014   1.7698403340613859E-009   5.9811703594132385E-014   3.4364262524824437E-010  -1.4992842667212792E-014   2.3097325025864527E-012   8.2037403020256065E-015  -1.7776000569175134E-011
   18.599999999999998        3.3964256138919691E-014   1.3680313398340666E-009   3.3546476358464968E-014   3.0022564878547916E-010  -8.3950056363387221E-015   5.4424976558486534E-012   4.5740542875081543E-015  -1.6023945773866757E-011
   18.899999999999999        1.8925600950602636E-014   1.0343264250556535E-009   1.8939820826340192E-014   2.6610503211249460E-010  -4.7110248103897893E-015   7.2240352170714367E-012   2.5422909985137900E-015  -1.3618625486047418E-011
   19.199999999999999        1.0476328609727857E-014   7.5931398493506622E-010   1.0793899635589861E-014   2.3877576181415469E-010  -2.6485552641211055E-015   7.9332691081871191E-012   1.4030028327329293E-015  -1.0934796575837461E-011
   19.500000000000000        5.7226466272217414E-015   5.3559751672879919E-010   6.2386768380226503E-015   2.1650113187417514E-010  -1.4906163936370929E-015   7.8180705614873895E-012   7.6350979018467578E-016  -8.2573815706064663E-012
   19.800000000000001        3.0477802222088334E-015   3.5723872012113929E-010   3.6853743277259437E-015   1.9805947344808639E-010  -8.3823322236654695E-016   7.0937283614342939E-012   4.0472963398606494E-016  -5.7943119557518138E-012
   20.099999999999998        1.5470459339014642E-015   2.1937279607271129E-010   2.2526271518611830E-015   1.8256658174280062E-010  -4.6862444451273225E-016   5.9446275184979889E-012   2.0423573277751936E-016  -3.6886818958638391E-012
   20.399999999999999        7.1441052335713781E-016   1.1794091169993485E-010   1.4516723167448956E-015   1.6950824587252744E-010  -2.5678019717070601E-016   4.5271781921279223E-012   9.3624386353815172E-017  -2.0296438084241931E-012
   20.699999999999999        2.6853783513837307E-016   4.9511542072361893E-011   1.0305768208864661E-015   1.5739784517692640E-010  -1.4051208169688424E-016   2.9741900583124566E-012   3.4874877830132148E-017  -8.6201434664888501E-013
   21.000000000000000        5.6794537379690765E-017   1.1197563103292060E-011   6.9846202088132748E-016   1.4660843281417343E-010  -2.1109411139327120E-017   1.3702035887427581E-012   7.2954052875610310E-018  -1.9515792725417500E-013
