nprot,nneut=  50  82
rms_c,rms_p,rms_n,rms_tot=   4.7251       4.6628       4.8843       4.8016    
densities with m. correction:
  i      r          rho-coul        rho-prot       rho-neut       rho-mass
    1  0.000    5.384200133779E-02  4.459236158389E-02  0.115533237564      0.160125599148    
    2  0.300    5.458055589505E-02  4.615715339620E-02  0.113271498283      0.159428651679    
    3  0.600    5.655868638576E-02  5.039159318475E-02  0.107299331929      0.157690925113    
    4  0.900    5.914682061532E-02  5.600825990055E-02  9.974608596585E-02  0.155754345866    
    5  1.200    6.155281589264E-02  6.126296109011E-02  9.318650198733E-02  0.154449463077    
    6  1.500    6.312558981043E-02  6.463940146432E-02  8.952085539500E-02  0.154160256859    
    7  1.800    6.360405500192E-02  6.552446862396E-02  8.920244324212E-02  0.154726911866    
    8  2.100    6.318676228913E-02  6.440288289988E-02  9.125151757464E-02  0.155654400475    
    9  2.400    6.239014861266E-02  6.247706417478E-02  9.395112275084E-02  0.156428186926    
   10  2.700    6.177370981225E-02  6.102838619780E-02  9.573706955439E-02  0.156765455752    
   11  3.000    6.166202430354E-02  6.084705445068E-02  9.584505640718E-02  0.156692110858    
   12  3.300    6.197941430839E-02  6.190319690322E-02  9.447720398625E-02  0.156380400889    
   13  3.600    6.226124642183E-02  6.337242625471E-02  9.242867395662E-02  0.155801100211    
   14  3.900    6.183030261205E-02  6.404633931720E-02  9.037048094190E-02  0.154416820259    
   15  4.200    6.004814071696E-02  6.290549523312E-02  8.826158281687E-02  0.151167078050    
   16  4.500    5.652130112164E-02  5.947547971646E-02  8.530655787846E-02  0.144782037595    
   17  4.800    5.119129640610E-02  5.381530258423E-02  8.043097373516E-02  0.134246276319    
   18  5.100    4.432066867386E-02  4.632262600090E-02  7.289339932393E-02  0.119216025325    
   19  5.400    3.642904259257E-02  3.759584561278E-02  6.268140422309E-02  0.100277249836    
   20  5.700    2.821081314767E-02  2.841191822989E-02  5.057201757784E-02  7.898393580773E-02
   21  6.000    2.042395583819E-02  1.970262677413E-02  3.791757208534E-02  5.762019885947E-02
   22  6.300    1.373469474151E-02  1.238338715495E-02  2.625455315133E-02  3.863794030628E-02
   23  6.600    8.551502740499E-03  7.032599302510E-03  1.681200283730E-02  2.384460213981E-02
   24  6.900    4.935724247825E-03  3.652049680425E-03  1.008666361816E-02  1.373871329859E-02
   25  7.200    2.654923332461E-03  1.776145426963E-03  5.794685235830E-03  7.570830662793E-03
   26  7.500    1.340597539349E-03  8.299335119476E-04  3.257452596364E-03  4.087386108311E-03
   27  7.800    6.396031626546E-04  3.800515962847E-04  1.820018618885E-03  2.200070215170E-03
   28  8.100    2.892346177836E-04  1.727587025181E-04  1.019900283695E-03  1.192658986213E-03
   29  8.400    1.235736929239E-04  7.853598058798E-05  5.757728799428E-04  6.543088605308E-04
   30  8.700    4.913149160787E-05  3.584988416768E-05  3.280331077875E-04  3.638829919552E-04
   31  9.000    1.740832130678E-05  1.646546459998E-05  1.886742018175E-04  2.051396664175E-04
   32  9.300    4.760645338488E-06  7.616337711386E-06  1.095221240391E-04  1.171384617505E-04
   33  9.600    2.214456682018E-07  3.548926793836E-06  6.412473165883E-05  6.767365845267E-05
   34  9.900   -1.077061673412E-06  1.666023669892E-06  3.784303296814E-05  3.950905663804E-05
   35 10.200   -1.199339068325E-06  7.875578718682E-07  2.249456287411E-05  2.328212074598E-05
   36 10.500   -9.724019486938E-07  3.749740402734E-07  1.345929505726E-05  1.383426909754E-05
   37 10.800   -6.994556550528E-07  1.795920361376E-07  8.101215084882E-06  8.280807121020E-06
   38 11.100   -4.733873711658E-07  8.664106327636E-08  4.902770106758E-06  4.989411170035E-06
   39 11.400   -3.092661747321E-07  4.196303534477E-08  2.981711747496E-06  3.023674782841E-06
   40 11.700   -1.976706375195E-07  2.050676655553E-08  1.821667325322E-06  1.842174091877E-06
   41 12.000   -1.245867004878E-07  1.001301968197E-08  1.117481496755E-06  1.127494516437E-06
   42 12.300   -7.781919972296E-08  4.966667845889E-09  6.881798492385E-07  6.931465170844E-07
   43 12.600   -4.833135014837E-08  2.428318923852E-09  4.252315219595E-07  4.276598408833E-07
   44 12.900   -2.991517955685E-08  1.233544991746E-09  2.636567451588E-07  2.648902901506E-07
   45 13.200   -1.848326196137E-08  5.926619936591E-10  1.639204169621E-07  1.645130789558E-07
   46 13.500   -1.141281740249E-08  3.176314422184E-10  1.022381882670E-07  1.025558197092E-07
   47 13.800   -7.048596880382E-09  1.416191844668E-10  6.389534748578E-08  6.403696667024E-08
   48 14.100   -4.356806197290E-09  8.772410242483E-11  4.006256981968E-08  4.015029392210E-08
   49 14.400   -2.696418372108E-09  3.003758686698E-11  2.514638491773E-08  2.517642250459E-08
   50 14.700   -1.671412638090E-09  2.814147005508E-11  1.584420703971E-08  1.587234850977E-08
   51 15.000   -1.037927777192E-09  2.868400926436E-12  9.978642346894E-09  9.981510747820E-09
   52 15.300   -6.457626355022E-10  1.173533256327E-11  6.317913332577E-09  6.329648665140E-09
   53 15.600   -4.026017027462E-10 -3.156281146545E-12  3.987342620862E-09  3.984186339715E-09
   54 15.900   -2.514987620482E-10  6.582626454585E-12  2.538042045572E-09  2.544624672027E-09
   55 16.200   -1.574496719506E-10 -3.937031779589E-12  1.601900576451E-09  1.597963544671E-09
   56 16.500   -9.875570600654E-11  4.510935113870E-12  1.026467936723E-09  1.030978871837E-09
   57 16.800   -6.208178844718E-11 -3.497001351371E-12  6.455761559855E-10  6.420791546341E-10
   58 17.100   -3.908987950551E-11  3.373035748726E-12  4.176140523395E-10  4.209870880882E-10
   59 17.400   -2.467283644774E-11 -2.845015303750E-12  2.599794930532E-10  2.571344777494E-10
   60 17.700   -1.559049054692E-11  2.578453914390E-12  1.706740257738E-10  1.732524796882E-10
   61 18.000   -9.879423167818E-12 -2.220091059159E-12  1.038505026127E-10  1.016304115536E-10
   62 18.300   -6.262157537496E-12  1.948805201719E-12  6.981220324710E-11  7.176100844882E-11
   63 18.600   -3.983910698762E-12 -1.666140761217E-12  4.053556555871E-11  3.886942479749E-11
   64 18.900   -2.531341789192E-12  1.419330951066E-12  2.828866620761E-11  2.970799715868E-11
   65 19.200   -1.615977643824E-12 -1.179855941332E-12  1.496462370700E-11  1.378476776567E-11
   66 19.500   -1.026099772629E-12  9.592240347393E-13  1.103002743791E-11  1.198925147265E-11
   67 19.800   -6.520320771460E-13 -7.484497060058E-13  4.830669886451E-12  4.082220180446E-12
   68 20.100   -4.028741814201E-13  5.494374030589E-13  3.789898378844E-12  4.339335781903E-12
   69 20.400   -2.351243656696E-13 -3.588114086281E-13  1.079891285989E-12  7.210798773611E-13
   70 20.700   -1.071467009143E-13  1.759928256497E-13  8.020876682700E-13  9.780804939197E-13
   71 21.000   -1.598404299706E-24  7.077189682807E-16  9.262130646345E-16  1.633932032915E-15

