nprot,nneut=  50 120
rms_c,rms_p,rms_n,rms_tot=   5.0321       4.9820       5.5610       5.3972    
densities with m. correction:
  i      r          rho-coul        rho-prot       rho-neut       rho-mass
    1  0.000    4.581813846967E-02  4.234491887417E-02  9.909113018267E-02  0.141436049057    
    2  0.300    4.615162057661E-02  4.288938454551E-02  9.934982645389E-02  0.142239210999    
    3  0.600    4.707218102603E-02  4.439714080900E-02  9.991895289218E-02  0.144316093701    
    4  0.900    4.836219043617E-02  4.653705510920E-02  0.100313911317      0.146850966426    
    5  1.200    4.972296731355E-02  4.886750208318E-02  0.100106440310      0.148973942393    
    6  1.500    5.084779343832E-02  5.091787570436E-02  9.923597644719E-02  0.150153852152    
    7  1.800    5.149874259194E-02  5.226085524769E-02  9.809351653492E-02  0.150354371783    
    8  2.100    5.157767183685E-02  5.262201796247E-02  9.732075881261E-02  0.149942776775    
    9  2.400    5.116981431120E-02  5.202133565911E-02  9.741672406981E-02  0.149438059729    
   10  2.700    5.052702165762E-02  5.084615373891E-02  9.838305994457E-02  0.149229213683    
   11  3.000    4.997249485929E-02  4.973581551967E-02  9.965842102684E-02  0.149394236547    
   12  3.300    4.975206735284E-02  4.928153451039E-02  0.100415994504      0.149697529015    
   13  3.600    4.989713055773E-02  4.970397586596E-02  0.100028726907      0.149732702773    
   14  3.900    5.016733373265E-02  5.069689666965E-02  9.838149559743E-02  0.149078392267    
   15  4.200    5.010507122392E-02  5.151883653512E-02  9.582739142820E-02  0.147346227963    
   16  4.500    4.918195554788E-02  5.128939710621E-02  9.283019030017E-02  0.144119587406    
   17  4.800    4.697564491073E-02  4.934587981444E-02  8.954370961726E-02  0.138889589432    
   18  5.100    4.330410760990E-02  4.547211610599E-02  8.562416852640E-02  0.131096284632    
   19  5.400    3.827250849439E-02  3.989903922559E-02  8.040271458372E-02  0.120301753809    
   20  5.700    3.223675345614E-02  3.314955824624E-02  7.328747712863E-02  0.106437035375    
   21  6.000    2.571924999102E-02  2.587973418079E-02  6.413587495133E-02  9.001560913212E-02
   22  6.300    1.930764231124E-02  1.878672314476E-02  5.340943250421E-02  7.219615564897E-02
   23  6.600    1.354663008427E-02  1.253272830552E-02  4.207445191018E-02  5.460718021570E-02
   24  6.900    8.830549236633E-03  7.613879812717E-03  3.130928135439E-02  3.892316116711E-02
   25  7.200    5.325979853545E-03  4.207208812956E-03  2.211864292052E-02  2.632585173348E-02
   26  7.500    2.965324645315E-03  2.134679488373E-03  1.501471037235E-02  1.714938986072E-02
   27  7.800    1.520586617041E-03  1.012277135033E-03  9.953859603644E-03  1.096613673868E-02
   28  8.100    7.130872775808E-04  4.575691400758E-04  6.544729454656E-03  7.002298594732E-03
   29  8.400    2.989312606152E-04  2.005160926206E-04  4.316895690345E-03  4.517411782966E-03
   30  8.700    1.041052066959E-04  8.625790988398E-05  2.876175937910E-03  2.962433847794E-03
   31  9.000    2.121816667825E-05  3.673569236301E-05  1.942153278995E-03  1.978888971358E-03
   32  9.300   -9.101385144796E-06  1.557455268522E-05  1.330631305807E-03  1.346205858492E-03
   33  9.600   -1.688553732374E-05  6.596328540160E-06  9.248311856538E-04  9.314275141940E-04
   34  9.900   -1.616826014959E-05  2.797122604022E-06  6.515323114964E-04  6.543294341004E-04
   35 10.200   -1.298510572745E-05  1.189110242564E-06  4.647198194989E-04  4.659089297415E-04
   36 10.500   -9.659549181493E-06  5.072401010806E-07  3.352019421596E-04  3.357091822607E-04
   37 10.800   -6.917805693020E-06  2.171941475353E-07  2.442156864450E-04  2.444328805925E-04
   38 11.100   -4.862659699734E-06  9.339295524198E-08  1.795234690870E-04  1.796168620423E-04
   39 11.400   -3.392054441213E-06  4.031830767095E-08  1.330224807881E-04  1.330627990958E-04
   40 11.700   -2.364071860672E-06  1.748663213759E-08  9.926807176107E-05  9.928555839321E-05
   41 12.000   -1.653102057194E-06  7.609352597555E-09  7.454965512876E-05  7.455726448136E-05
   42 12.300   -1.162819804520E-06  3.330020081659E-09  5.630498005018E-05  5.630831007026E-05
   43 12.600   -8.240602897989E-07  1.458539333217E-09  4.274284205948E-05  4.274430059881E-05
   44 12.900   -5.888056789997E-07  6.450892006402E-10  3.259704622027E-05  3.259769130947E-05
   45 13.200   -4.242848690006E-07  2.831001654066E-10  2.496318593201E-05  2.496346903218E-05
   46 13.500   -3.082966776883E-07  1.274677950963E-10  1.918931889300E-05  1.918944636080E-05
   47 13.800   -2.258195365216E-07  5.516667723156E-11  1.480140412918E-05  1.480145929586E-05
   48 14.100   -1.666612172982E-07  2.602026376266E-11  1.145218311182E-05  1.145220913208E-05
   49 14.400   -1.238685505849E-07  1.046330712811E-11  8.885421874970E-06  8.885432338277E-06
   50 14.700   -9.266371201758E-08  5.746767127376E-12  6.910922406102E-06  6.910928152869E-06
   51 15.000   -6.973660468422E-08  1.677380390934E-12  5.386634814903E-06  5.386636492284E-06
   52 15.300   -5.277359173454E-08  1.558747736645E-12  4.205971880938E-06  4.205973439686E-06
   53 15.600   -4.014304785185E-08  3.280404587910E-15  3.288530143416E-06  3.288530146697E-06
   54 15.900   -3.068392203486E-08  6.200077275661E-13  2.573443319640E-06  2.573443939648E-06
   55 16.200   -2.356296440163E-08 -2.620623548264E-13  2.014416637836E-06  2.014416375774E-06
   56 16.500   -1.817713789448E-08  3.597649392832E-13  1.576152169622E-06  1.576152529387E-06
   57 16.800   -1.408670515460E-08 -2.573044500270E-13  1.231618301496E-06  1.231618044192E-06
   58 17.100   -1.096857951643E-08  2.529095443758E-13  9.600861217159E-07  9.600863746255E-07
   59 17.400   -8.583844491020E-09 -2.091443309401E-13  7.455909350574E-07  7.455907259130E-07
   60 17.700   -6.754597949995E-09  1.882192702200E-13  5.758362139611E-07  5.758364021804E-07
   61 18.000   -5.347598548899E-09 -1.608528871595E-13  4.413061803688E-07  4.413060195159E-07
   62 18.300   -4.262247069815E-09  1.399493276393E-13  3.346487688604E-07  3.346489088098E-07
   63 18.600   -3.421926047209E-09 -1.190540283424E-13  2.501496300903E-07  2.501495110362E-07
   64 18.900   -2.767184355639E-09  1.007205237146E-13  1.833882562116E-07  1.833883569321E-07
   65 19.200   -2.250516626175E-09 -8.339896771015E-14  1.309108412443E-07  1.309107578454E-07
   66 19.500   -1.831510506756E-09  6.748001248611E-14  9.005541585523E-08  9.005548333525E-08
   67 19.800   -1.473075654832E-09 -5.250652215021E-14  5.871600271741E-08  5.871595021089E-08
   68 20.100   -1.138280978633E-09  3.843199330186E-14  3.531741064146E-08  3.531744907345E-08
   69 20.400   -7.926747764856E-10 -2.506347105276E-14  1.850550969166E-08  1.850548462819E-08
   70 20.700   -4.067257749530E-10  1.227958832527E-14  7.643826196875E-09  7.643838476463E-09
   71 21.000    3.872324535990E-23  4.263705646892E-17  8.765360122702E-15  8.807997179171E-15

