 r rp rn tp tn ssp ssn sp sn d1p d1n d2p d2n
   0.0000000000000000        4.2648244823482451E-002   9.9226545842322947E-002   5.4299399563930595E-002  0.13709807756843487       -5.3370890374660369E-003  -4.9705345436417596E-004   0.0000000000000000        0.0000000000000000        0.0000000000000000        0.0000000000000000        3.5907776238213229E-002   1.6346632216907207E-002
  0.29999999999999999        4.3180962780340337E-002   9.9464828018274540E-002   5.3034518883835154E-002  0.13514288223426407       -4.9900200856324147E-003  -4.0722171461533157E-004  -5.1396125937902960E-004  -4.5216259576820666E-005   3.4363677576023989E-003   1.3899572864010602E-003   3.3291922951550701E-002   1.2211027969826236E-002
  0.59999999999999998        4.4634429776610529E-002   9.9951720985415479E-002   4.9560893143041879E-002  0.12984440577168818       -4.0705708509154309E-003  -2.4394679243467543E-004  -9.0943665255260452E-004  -6.3498003996058849E-005   6.0694473740879190E-003   1.5532554162064358E-003   2.7138789537302931E-002   3.1793089295598445E-003
  0.89999999999999991        4.6699518477996332E-002  0.10026238293197098        4.5034167003852543E-002  0.12372169542115051       -2.9898147780030556E-003  -3.3084342401827171E-004  -1.1325298778618268E-003  -8.1959829620152652E-005   7.4342478265333103E-003   2.2334821578223291E-004   1.8572000519804871E-002  -6.0163202061215290E-003
   1.2000000000000000        4.8946679858013910E-002  0.10001526565355133        4.0669284019302074E-002  0.11924999160022416       -2.0899484462790657E-003  -8.4020005330997095E-004  -1.2077337151980840E-003  -1.7771615553453058E-004   7.2694454048875673E-003  -1.9143444343983043E-003   8.9810772342985064E-003  -1.0230210058762988E-002
   1.5000000000000000        5.0915671256047478E-002   9.9169131786545309E-002   3.7368336743647083E-002  0.11772616341978608       -1.4858186662565554E-003  -1.6751014953070833E-003  -1.1972435826264804E-003  -4.2360378238003775E-004   5.5972100282474365E-003  -3.4657093341473690E-003  -3.6086218085627352E-004  -7.3339856781750061E-003
   1.7999999999999998        5.2193648543424453E-002   9.8097351785843973E-002   3.5668033956709110E-002  0.11889690416876501       -1.0747423743232276E-003  -2.5527516687790059E-003  -1.1497341752537014E-003  -8.3822636736642826E-004   2.7445301897327549E-003  -3.2466053383651966E-003  -7.7319130427681189E-003   6.3831214485706627E-004
   2.1000000000000001        5.2525311859589918E-002   9.7395625593242649E-002   3.5755203709410689E-002  0.12130443636522596       -6.2731744348027666E-004  -3.1490519279871211E-003  -1.0663555563902723E-003  -1.3689742965940172E-003  -5.3133120925548871E-004  -1.0911579325696584E-003  -1.0976360819772371E-002   8.5174737602628902E-003
   2.3999999999999999        5.1943496003315520E-002   9.7514995325244755E-002   3.7395881614139079E-002  0.12315456056635547        1.0761519783598938E-004  -3.2170486197016677E-003  -8.9049365875960536E-004  -1.9036797311076607E-003  -3.1041865581444700E-003   1.8919837226176390E-003  -8.7366534813377895E-003   1.0992561974613605E-002
   2.6999999999999997        5.0827243288495770E-002   9.8438448659002337E-002   3.9872894952267014E-002  0.12329818522373154        1.3021463353155441E-003  -2.6734513725104247E-003  -5.2105284748279199E-004  -2.3042699113071802E-003  -3.9211366615086183E-003   3.8881635385614880E-003  -2.0404138270294411E-003   6.0680145397821210E-003
   3.0000000000000000        4.9784171583991357E-002   9.9628794910497975E-002   4.2145713323014117E-002  0.12175396283917997        2.9687041836491774E-003  -1.6008572437561206E-003   1.5379180751776451E-004  -2.4502554474687128E-003  -2.6421721240348665E-003   3.4961034984808911E-003   5.5203552899194385E-003  -3.5174395781175866E-003
   3.2999999999999998        4.9366808486427639E-002  0.10030863353644706        4.3234966891247367E-002  0.11941230778524298        4.9203475108484662E-003  -1.2469668579338593E-004   1.2107271067386177E-003  -2.2618748499307209E-003   9.2310779821739310E-006   6.3022526340632897E-004   9.6068044011158853E-003  -1.2258786599571808E-002
   3.5999999999999996        4.9771837233295993E-002   9.9890501750271352E-002   4.2568220188015773E-002  0.11714921351859736        6.7834736526662465E-003   1.7247836557360762E-003   2.6455112519172706E-003  -1.6820462364988643E-003   2.4971544521182783E-003  -3.4672447328692908E-003   7.5284120591385464E-003  -1.5760672130605828E-002
   3.8999999999999999        5.0695336602197029E-002   9.8263292428926563E-002   4.0097856322887142E-002  0.11501366266773906        8.0746645043175760E-003   3.9824687288487108E-003   4.3410380833612218E-003  -6.4468782726831951E-004   3.1839696340365082E-003  -7.1096767996456037E-003  -4.2849774184801370E-004  -1.3603078568681835E-002
   4.2000000000000002        5.1422640482520675E-002   9.5748147088663429E-002   3.6233724522450043E-002  0.11206015419160451        8.3559333466317765E-003   6.5310846447093470E-003   6.0667969747346569E-003   9.1392710018289890E-004   1.1030938555823908E-003  -9.3169153571780374E-003  -1.1211867422592055E-002  -9.3720257805557112E-003
   4.5000000000000000        5.1110943797693667E-002   9.2764632722307852E-002   3.1659610503927516E-002  0.10692446960047014        7.4328529055966170E-003   8.8971471842423499E-003   7.5264448276320794E-003   2.9788315077880559E-003  -3.5936468603227404E-003  -1.0453887733899559E-002  -2.0586332784674800E-002  -7.9860586001701747E-003
   4.7999999999999998        4.9125556917172492E-002   8.9442119383162585E-002   2.7064092662429325E-002   9.8721793803828242E-002   5.4740375912598338E-003   1.0296782228618503E-002   8.4476285434691555E-003   5.3609358947406087E-003  -9.7609064966240368E-003  -1.1925520386092028E-002  -2.5402439291030025E-002  -1.2143069337806105E-002
   5.0999999999999996        4.5255796776573425E-002   8.5449066626958212E-002   2.2913904397653430E-002   8.7629322999116299E-002   2.9433768940027361E-003   9.9913175367106494E-003   8.6717318973007218E-003   7.6677830783818011E-003  -1.5876850242755057E-002  -1.5149387851931356E-002  -2.4997756654741212E-002  -2.0463400855150853E-002
   5.3999999999999995        3.9720727701405251E-002   8.0155491715797597E-002   1.9409711738769864E-002   7.4799829374702947E-002   3.9287795108607472E-004   7.7523954853038635E-003   8.1940010187521294E-003   9.3985274840171617E-003  -2.0699105744568309E-002  -2.0545498319343013E-002  -2.0646738567801325E-002  -2.8590854877692556E-002
   5.7000000000000002        3.3028970945473933E-002   7.3009407650340807E-002   1.6572556963396538E-002   6.1774525100063024E-002  -1.7206493287478387E-003   4.0989713012996682E-003   7.1437128429693931E-003   1.0135926612263519E-002  -2.3526234705061023E-002  -2.7204298448287232E-002  -1.3954684408908055E-002  -3.2022130691381538E-002
   6.0000000000000000        2.5827730948822444E-002   6.3888641519858180E-002   1.4300179006336424E-002   4.9838291527856439E-002  -3.1055533002880727E-003   1.1015414145954232E-004   5.7344501765781604E-003   9.7288303973900002E-003  -2.4075950540618098E-002  -3.3320762514241528E-002  -5.9895405221428218E-003  -2.8422915916063215E-002
   6.2999999999999998        1.8806267694130636E-002   5.3249739473276894E-002   1.2351054244633931E-002   3.9642327587127831E-002  -3.6434011760943944E-003  -3.0709129789074485E-003   4.2133000187309479E-003   8.3571854214396241E-003  -2.2338208038056473E-002  -3.7004055508212598E-002   2.2624037319096055E-003  -1.8353867401100669E-002
   6.5999999999999996        1.2612523636884018E-002   4.2032891350555754E-002   1.0376759645002847E-002   3.1168865488592504E-002  -3.4064635198630556E-003  -4.7373124798763249E-003   2.8120305177754168E-003   6.4466395250396460E-003  -1.8649187790713180E-002  -3.7038889412169207E-002   9.1460168096960844E-003  -4.8222661395705708E-003
   6.8999999999999995        7.7248613869698012E-003   3.1378006125486711E-002   8.1270093768316901E-003   2.3994603443589682E-002  -2.6589438627645369E-003  -4.8601667327240680E-003   1.6957998278940554E-003   4.4847554106013498E-003  -1.3832976945244048E-002  -3.3372123157061256E-002   1.2705187381634920E-002   7.7790498124905051E-003
   7.1999999999999993        4.3135565381031840E-003   2.2254776621345826E-002   5.7057495810095291E-003   1.7744209585458387E-002  -1.7635142638842637E-003  -3.9665338770795361E-003   9.2538697714501664E-004   2.8364129019181812E-003  -9.0389937282947322E-003  -2.7154491713583161E-002   1.2239664429779491E-002   1.5533581506816725E-002
   7.5000000000000000        2.2132479067625073E-003   1.5164465005017945E-002   3.5247942052815994E-003   1.2407553932824191E-002  -1.0114119287580618E-003  -2.7486819176788355E-003   4.6187985483387345E-004   1.6517174505542148E-003  -5.2184512439219892E-003  -2.0181030719667786E-002   9.1377817018390758E-003   1.7228416220702109E-002
   7.7999999999999998        1.0599932170866899E-003   1.0080732555704994E-002   1.9293681220476035E-003   8.1972767912754270E-003  -5.1475033696616408E-004  -1.6905158525829436E-003   2.1470906042232493E-004   8.9827070406707434E-004  -2.7063484138871597E-003  -1.3983676351000719E-002   5.6120091936627120E-003   1.4723061287483871E-002
   8.0999999999999996        4.8277929695700344E-004   6.6373641911640626E-003   9.5867762748253860E-004   5.1881521378164151E-003  -2.4000883957113304E-004  -9.5771357429780138E-004   9.4864098282061368E-005   4.6052148396834438E-004  -1.2936620024985176E-003  -9.2678363314741830E-003   2.9899058722912251E-003   1.0820121823950634E-002
   8.4000000000000004        2.1266194965292526E-004   4.3792049741173391E-003   4.4489459243293511E-004   3.2065943867847454E-003  -1.0568592454196529E-004  -5.1387974791908600E-004   4.0555116660086485E-005   2.2187519613018727E-004  -5.8532084081501339E-004  -6.0151025618440032E-003   1.4476295492748628E-003   7.3052384598135730E-003
   8.6999999999999993        9.1780976287051601E-005   2.9164551456237540E-003   1.9752057041049395E-004   1.9677996956926178E-003  -4.4989884137960048E-005  -2.6519297352410327E-004   1.7003770109432282E-005   9.7674684725285573E-005  -2.5606722995398859E-004  -3.8890701227556456E-003   6.5997685031002383E-004   4.7305159820819273E-003
   9.0000000000000000        3.9161678661122891E-005   1.9678294140209351E-003   8.5363459149803453E-005   1.2127865195634220E-003  -1.8804837421712091E-005  -1.3190369026658597E-004   7.0572919581554619E-006   3.5642142171473469E-005  -1.0990945322813522E-004  -2.5310317752156130E-003   2.9025011686037233E-004   3.0171910442448363E-003
   9.2999999999999989        1.6619156856943088E-005   1.3470121523131487E-003   3.6331074798070815E-005   7.5581420310540841E-004  -7.7919293663025677E-006  -6.2417418384703126E-005   2.9171691710753231E-006   6.1859788270210421E-006  -4.6713024061768018E-005  -1.6671069693051490E-003   1.2505432691912582E-004   1.9248613848141310E-003
   9.5999999999999996        7.0414258333438327E-006   9.3537541840870071E-004   1.5342398912988789E-005   4.7800791779356496E-004  -3.2191902587652744E-006  -2.7015998746957104E-005   1.2055574379186767E-006  -6.6674523590407344E-006  -1.9770529338589128E-005  -1.1139644186816660E-003   5.3294518353186202E-005   1.2386319773615910E-003
   9.9000000000000004        2.9858402871839929E-006   6.5840827022441227E-004   6.4594356283282325E-006   3.0727130782504770E-004  -1.3307004453776056E-006  -9.4786842089856955E-006   4.9929321802747912E-007  -1.1310220435558004E-005  -8.3613771842580633E-006  -7.5558009426051731E-004   2.2599863987702703E-005   8.0736811933777722E-004
   10.199999999999999        1.2690517219709593E-006   4.6927026456503962E-004   2.7195255066281418E-006   2.0082610786177374E-004  -5.5150873926646246E-007  -1.1738734175946785E-006   2.0753734376670202E-007  -1.2070445709393920E-005  -3.5410903136815064E-006  -5.2003251372249642E-004   9.5712362248880717E-006   5.3404834917809060E-004
   10.500000000000000        5.4112182928911498E-007   3.3825926090172106E-004   1.1471193958146512E-006   1.3340212783690485E-004  -2.2945831109375649E-007   2.4342069035302986E-006   8.6652361602524658E-008  -1.1140319685679955E-005  -1.5036879824195777E-006  -3.6286546047240579E-004   4.0575235498298758E-006   3.5864153812370297E-004
   10.799999999999999        2.3160329943822677E-007   2.4630039322815769E-004   4.8533955612082550E-007   8.9992966269510872E-005  -9.5906403273540031E-008   3.7103219907197190E-006   3.6358996419506315E-008  -9.6026166750712039E-006  -6.4073242329355117E-007  -2.5642122921044159E-004   1.7242364966624030E-006   2.4443418750641932E-004
   11.100000000000000        9.9529643632609846E-008   1.8096495723001702E-004   2.0611330060171896E-007   6.1592306396095496E-005  -4.0285848939455298E-008   3.8772353745561107E-006   1.5335121429167629E-008  -7.9698093695801692E-006  -2.7408607124437814E-007  -1.8329713635187111E-004   7.3510035108234385E-007   1.6894625810954817E-004
   11.400000000000000        4.2950960575701499E-008   1.3403226034899691E-004   8.7894098183299800E-008   4.2721648636416686E-005  -1.7009615857457767E-008   3.5591288385771828E-006   6.5018051109272966E-009  -6.4652667972340889E-006  -1.1773045033188989E-007  -1.3239188609586968E-004   3.1457720983478881E-007   1.1830177602985415E-004
   11.699999999999999        1.8612974868673803E-008   9.9983888735170507E-005   3.7643600723481143E-008   2.9998555483885404E-005  -7.2192098310906693E-009   3.0674681518635366E-006   2.7709931078240495E-009  -5.1691740889505434E-006  -5.0783450825059513E-008  -9.6518958172214721E-005   1.3516227350681138E-007   8.3834832936375225E-005
   12.000000000000000        8.0995705215419025E-009   7.5062635214516248E-005   1.6193054520282889E-008   2.1302309024003144E-005  -3.0797504166801764E-009   2.5513152945743521E-006   1.1869901635597012E-009  -4.0937246471651592E-006  -2.1998240666481145E-008  -7.0956414472621984E-005   5.8315351562583196E-008   6.0059398515971723E-005
   12.299999999999999        3.5389461695472842E-009   5.6676205574144558E-005   6.9962383708316836E-009   1.5282643381832941E-005  -1.3204593112572234E-009   2.0763725698027861E-006   5.1098377004499208E-010  -3.2213877243224080E-006  -9.5688880063356330E-009  -5.2556280692864442E-005   2.5264953553411950E-008   4.3452214466067738E-005
   12.600000000000000        1.5523973820214436E-009   4.3013887162228367E-005   3.0357584015001038E-009   1.1066805903777632E-005  -5.6892609070093142E-010   1.6664878659831905E-006   2.2102600687929208E-010  -2.5239457289757641E-006  -4.1792865576603303E-009  -3.9190538649028195E-005   1.0991164292784401E-008   3.1717453502219333E-005
   12.900000000000000        6.8358657531839335E-010   3.2796514811179400E-005   1.3227885669900022E-009   8.0824505388916098E-006  -2.4628427508691023E-010   1.3253379122669754E-006   9.6045825664822837E-011  -1.9715743699385265E-006  -1.8325655135112782E-009  -2.9401703108577516E-005   4.8008949486339979E-009   2.3337606785144351E-005
   13.199999999999999        3.0212537528795738E-010   2.5111048247296431E-005   5.7873427743555840E-010   5.9490157221243497E-006  -1.0710048015906756E-010   1.0476286875987762E-006   4.1921110401294877E-011  -1.5368288319054555E-006  -8.0663568935806302E-010  -2.2179281136339840E-005   2.1052648952267217E-009   1.7295729893940430E-005
   13.500000000000000        1.3400596431999418E-010   1.9299625445568078E-005   2.5419880536270517E-010   4.4101358100143272E-006  -4.6778039865811477E-011   8.2475673315260166E-007   1.8374960997978162E-011  -1.1960826337472017E-006  -3.5636661564989812E-010  -1.6814728214951510E-005   9.2670949779346660E-010   1.2901353224799440E-005
   13.799999999999999        5.9640975723276298E-011   1.4884184328161193E-005   1.1207559320163825E-010   3.2909803527949334E-006  -2.0516838766487222E-011   6.4755786552264357E-007   8.0868783360658185E-012  -9.2974538674918938E-007  -1.5800050338087026E-010  -1.2806030815360232E-005   4.0942625628377771E-010   9.6798624626964837E-006
   14.100000000000000        2.6631195140577614E-011   1.1514625031922906E-005   4.9593994109523649E-011   2.4709496160587073E-006  -9.0348286890912154E-012   5.0754145037309008E-007   3.5728918588332962E-012  -7.2194178603627015E-007  -7.0291441946422493E-011  -9.7940986869494592E-006   1.8152839352138594E-010   7.3012418302518830E-006
   14.399999999999999        1.1929034023757554E-011   8.9327558734318883E-006   2.2022450017385744E-011   1.8659617541925115E-006  -3.9938870909306694E-012   3.9735394573297526E-007   1.5844177184807605E-012  -5.5999491570779176E-007  -3.1374071097073246E-011  -7.5198246568692185E-006   8.0759183748406239E-011   5.5335537866887027E-006
   14.699999999999999        5.3596217309651495E-012   6.9469530807516831E-006   9.8120609872225187E-012   1.4168128217068833E-006  -1.7720092913606230E-012   3.1086536256362651E-007   7.0511475530263014E-013  -4.3387921154362285E-007  -1.4047772933747654E-011  -5.7947500280903890E-006   3.6046281862751026E-011   4.2121710828632765E-006
   15.000000000000000        2.4150443958402423E-012   5.4141774835205826E-006   4.3858573990153903E-012   1.0814327396431578E-006  -7.8897178091074916E-013   2.4308467402566864E-007   3.1486389441127214E-013  -3.3571645330061712E-007  -6.3089654143784768E-012  -4.4808001652738161E-006   1.6139667165604816E-011   3.2191722007743740E-006
   15.299999999999999        1.0912606787306592E-012   4.2270980137578523E-006   1.9664929910020397E-012   8.2967265938338215E-007  -3.5246518755287005E-013   1.9000974373750964E-007   1.4105704430344844E-013  -2.5934165888643716E-007  -2.8416533755563667E-012  -3.4761396148440166E-006   7.2483738067311111E-012   2.4693784763485302E-006
   15.600000000000000        4.9442109764413676E-013   3.3047959324669741E-006   8.8434238228890897E-013   6.3975730168587075E-007  -1.5796739420726237E-013   1.4846382378396964E-007   6.3389111083413569E-014  -1.9994321852700932E-007  -1.2835032727097447E-012  -2.7052030121359296E-006   3.2647286372315411E-012   1.9007854265069288E-006
   15.899999999999999        2.2458749739922162E-013   2.5860032857612720E-006   3.9882997535143873E-013   4.9584523984945067E-007  -7.1015880563702844E-014   1.1594248116307419E-007   2.8570949424656855E-014  -1.5377154440341227E-007  -5.8128463346259199E-013  -2.1116059131744202E-006   1.4745687315114470E-012   1.4679359686110591E-006
   16.199999999999999        1.0227072694382074E-013   2.0241505032372829E-006   1.8036256710854855E-013   3.8633467502303565E-007  -3.2020175356676515E-014   9.0480268893887865E-008   1.2914267334813129E-014  -1.1790678853271281E-007  -2.6393812482619348E-013  -1.6530617149221878E-006   6.6780192905091050E-013   1.1372855857663008E-006
   16.500000000000000        4.6682393593461714E-014   1.5837158673482322E-006   8.1780770595065265E-014   3.0267612268901956E-007  -1.4478331964763286E-014   7.0539232822547529E-008   5.8532527626876393E-015  -9.0075548584828175E-008  -1.2014192115467491E-013  -1.2977090107400617E-006   3.0321499147497102E-013   8.8393075116726643E-007
   16.800000000000001        2.1357516572353797E-014   1.2375187588825298E-006   3.7175811967530746E-014   2.3853322221572245E-007  -6.5643115160921496E-015   5.4917998469697473E-008   2.6598434427233293E-015  -6.8507237121982874E-008  -5.4818367981862621E-014  -1.0214391927003092E-006   1.3801679559375930E-013   6.8927982424195230E-007
   17.099999999999998        9.7927305843155622E-015   9.6470176958746818E-007   1.6940914757245220E-014   1.8918486897773938E-007  -2.9839228360521559E-015   4.2678849298899963E-008   1.2117000211681404E-015  -5.1822065206668823E-008  -2.5070250374936081E-014  -8.0593911174120940E-007   6.2972596337751915E-014   5.3938173370622303E-007
   17.399999999999999        4.4995476053568964E-015   7.4921881487228270E-007   7.7383704985802194E-015   1.5109611268037519E-007  -1.3597784968861363E-015   3.3089882867941429E-008   5.5329976461315521E-016  -3.8943960479198674E-008  -1.1490953223207804E-014  -6.3724872689508021E-007   2.8798632975850167E-014   4.2371786213805214E-007
   17.699999999999999        2.0715432072563480E-015   5.7869711753460832E-007   3.5430610366332456E-015   1.2160805977398818E-007  -6.2113727770213009E-016   2.5579478183605178E-008   2.5321503019111606E-016  -2.9033009847718123E-008  -5.2781718782555319E-015  -5.0469220728571778E-007   1.3199484968260549E-014   3.3432283541592897E-007
   18.000000000000000        9.5544915942817142E-016   4.4357695928193887E-007   1.6260170987633206E-015   9.8712343350037534E-008  -2.8438350241119325E-016   1.9700646005831354E-008   1.1611773043370065E-016  -2.1433114842221003E-008  -2.4294462191014976E-015  -4.0008157239198626E-007   6.0627974762788211E-015   2.6514067784819129E-007
   18.300000000000001        4.4136177860567318E-016   3.3645887109330070E-007   7.4805044473752686E-016   8.0886126739337573E-008  -1.3049032715966854E-016   1.5103222523254439E-008   5.3340671605710168E-017  -1.5631459475982591E-008  -1.1204524032637564E-015  -3.1712039300858809E-007   2.7905387050456029E-015   2.1155061845016167E-007
   18.599999999999998        2.0410256491688644E-016   2.5160650395297197E-007   3.4508126395679357E-016   6.6970732828992130E-008  -6.0002444784666714E-017   1.1512238927878211E-008   2.4532596783683658E-017  -1.1227129063195671E-008  -5.1773276262505864E-016  -2.5095514480752779E-007   1.2869800864405206E-015   1.7001600698397798E-007
   18.899999999999999        9.4399102915589642E-017   1.8456688973378987E-007   1.5973263023541116E-016   5.6081914449106991E-008  -2.7646010670811760E-017   8.7111272999529436E-009   1.1285632512295622E-017  -7.9068071160114529E-009  -2.3966273187952543E-016  -1.9783607870179355E-007   5.9469874714919228E-016   1.3782312729838230E-007
   19.199999999999999        4.3585699357713464E-017   1.3187962971295191E-007   7.4301623179572718E-017   4.7543210131213879E-008  -1.2761818744944022E-017   6.5286991262588975E-009   5.1827079887393119E-018  -5.4259415466311172E-009  -1.1112580920168830E-016  -1.5485969435308259E-007   2.7532342957069142E-016   1.1288603984018370E-007
   19.500000000000000        2.0012688898580608E-017   9.0853760499596685E-008   3.4842599690662170E-017   4.0836227921723272E-008  -5.9007968783693197E-018   4.8290584985942316E-009   2.3664882371903056E-018  -3.5941346198725387E-009  -5.1597792805940085E-017  -1.1977227393590918E-007   1.2770716401089802E-016   9.3600192443436372E-008
   19.800000000000001        9.0641659068918547E-018   5.9396369750523648E-008   1.6579390883811912E-017   3.5563280862080344E-008  -2.7313513707770358E-018   3.5037934698951543E-009   1.0655055604168297E-018  -2.2637940286030426E-009  -2.3975117084011949E-017  -9.0819285729444752E-008   5.9364244542833342E-017   7.8732298711650178E-008
   20.099999999999998        3.9788894104009775E-018   3.5880996203636727E-008   8.1107345587768909E-018   3.1417422894664844E-008  -1.2632483351867433E-018   2.4659319682897539E-009   4.6466212003865388E-019  -1.3213026571405616E-009  -1.1125443573524094E-017  -6.6629351902202397E-008   2.7691254049647966E-017   6.7338132098969692E-008
   20.399999999999999        1.6257249547194105E-018   1.9046943971273311E-008   4.1800449360176102E-018   2.8184546768527272E-008  -5.7953414468370409E-019   1.6452057497469630E-009   1.8842055374772480E-019  -6.8014016498077457E-010  -5.1177644571209311E-018  -4.6122743288621358E-008   1.3038423678893909E-017   5.8712554383032608E-008
   20.699999999999999        5.5675814588777637E-019   7.9240211135225407E-009   2.4730811941371723E-018   2.5568586918328964E-008  -2.8682321202948096E-019   1.0058545517139579E-009   6.3948323060898887E-020  -2.7556124108636403E-010  -2.5244285304963663E-018  -2.8774165171043798E-008   6.3366965203263807E-018   5.2468583561431676E-008
   21.000000000000000        1.1106783642159077E-019   1.7824448686470327E-009   1.2611137037138722E-018   2.3239924269205931E-008   1.3205015044181955E-020   3.4729503061343928E-010   1.2619477367085574E-020  -6.0652869251741085E-011   6.8907396128198497E-020  -1.1425587053466238E-008   3.6643128747451266E-018   4.9156337542491600E-008
